12
1237648704592806164 1 219.3185859 0.177316183 17.0536 0.1054345 ./images/1237648704592806164.jpg
1237648720716103907 1 230.7698442 -0.516591136 17.92142 0.02836962 ./images/1237648720716103907.jpg
1237648720717021573 1 232.960066 -0.476013396 18.49197 0.05917928 ./images/1237648720717021573.jpg
1237651800697274648 1 150.096504 -0.270583879 20.13298 0.3135945 ./images/1237651800697274648.jpg
1237656529458233684 1 263.9488306 54.36384641 18.94336 0.2381391 ./images/1237656529458233684.jpg
1237657191979483361 1 1.192890644 0.70166747 17.58125 0.1002861 ./images/1237657191979483361.jpg
1237659895636296017 1 260.8062002 58.58954826 17.8716 0.1520171 ./images/1237659895636296017.jpg
1237663277929070757 1 2.974816365 0.532317186 18.7566 0.1874363 ./images/1237663277929070757.jpg
1237663278465548541 1 2.029601653 0.990691877 18.62242 0.2071623 ./images/1237663278465548541.jpg
1237663783661469917 1 2.183262626 -0.279437184 20.27495 0.1483636 ./images/1237663783661469917.jpg
1237663784195195105 1 354.9900161 0.135190136 16.25334 0.06018656 ./images/1237663784195195105.jpg
1237666408439939277 1 354.3499144 0.391725684 15.75727 0.00887051 ./images/1237666408439939277.jpg
