0.171899
0.171543
0.171192
0.170844
0.170500
0.170160
0.169823
0.169489
0.169158
0.168830
0.168506
0.168184
0.167865
0.167548
0.167235
0.166923
0.166614
0.166308
0.166004
0.165702
0.165402
0.165104
0.164808
0.164514
0.164222
0.163931
0.163643
0.163356
0.163071
0.162787
0.162505
0.162225
0.161945
0.161668
0.161391
0.161116
0.160843
0.160570
0.160299
0.160029
0.159760
0.159492
0.159225
0.158960
0.158695
0.158431
0.158169
0.157907
0.157646
0.157386
0.157127
0.156868
0.156611
0.156354
0.156098
0.155843
0.155589
0.155335
0.155082
0.154829
0.154578
0.154326
0.154076
0.153826
0.153577
0.153328
0.153080
0.152832
0.152585
0.152339
0.152093
0.151847
0.151602
0.151357
0.151113
0.150869
0.150626
0.150383
0.150141
0.149899
0.149658
0.149416
0.149176
0.148935
0.148695
0.148456
0.148216
0.147978
0.147739
0.147501
0.147263
0.147025
0.146788
0.146551
0.146315
0.146079
0.145843
0.145607
0.145372
0.145137
0.144902
0.144667
0.144433
0.144199
0.143966
0.143732
0.143499
0.143267
0.143034
0.142802
0.142570
0.142338
0.142107
0.141875
0.141645
0.141414
0.141183
0.140953
0.140723
0.140494
0.140264
0.140035
0.139806
0.139577
0.139349
0.139121
0.138893
0.138665
0.138437
0.138210
0.137983
0.137756
0.137530
0.137304
0.137077
0.136852
0.136626
0.136401
0.136176
0.135951
0.135726
0.135502
0.135278
0.135054
0.134830
0.134607
0.134384
0.134161
0.133938
0.133716
0.133494
0.133272
0.133050
0.132829
0.132608
0.132387
0.132166
0.131946
0.131725
0.131506
0.131286
0.131067
0.130847
0.130629
0.130410
0.130192
0.129974
0.129756
0.129538
0.129321
0.129104
0.128887
0.128671
0.128454
0.128238
0.128023
0.127807
0.127592
0.127377
0.127163
0.126949
0.126735
0.126521
0.126307
0.126094
0.125881
0.125669
0.125456
0.125244
0.125033
0.124821
0.124610
0.124399
0.124189
0.123978
0.123768
0.123559
0.123349
0.123140
0.122932
0.122723
0.122515
0.122307
0.122100
0.121892
0.121685
0.121479
0.121272
0.121066
0.120861
0.120655
0.120450
0.120246
0.120041
0.119837
0.119633
0.119430
0.119227
0.119024
0.118821
0.118619
0.118417
0.118216
0.118015
0.117814
0.117613
0.117413
0.117213
0.117014
0.116815
0.116616
0.116417
0.116219
0.116021
0.115824
0.115627
0.115430
0.115233
0.115037
0.114841
0.114646
0.114451
0.114256
0.114062
0.113867
0.113674
0.113480
0.113287
0.113095
0.112902
0.112710
0.112519
0.112327
0.112136
0.111946
0.111756
0.111566
0.111376
0.111187
0.110998
0.110810
0.110622
0.110434
0.110247
0.110060
0.109873
0.109687
0.109501
0.109315
0.109130
0.108945
0.108760
0.108576
0.108392
0.108209
0.108026
0.107843
0.107661
0.107479
0.107297
0.107116
0.106935
0.106754
0.106574
0.106394
0.106215
0.106036
0.105857
0.105678
0.105500
0.105323
0.105145
0.104969
0.104792
0.104616
0.104440
0.104264
0.104089
0.103915
0.103740
0.103566
0.103392
0.103219
0.103046
0.102874
0.102701
0.102529
0.102358
0.102187
0.102016
0.101846
0.101676
0.101506
0.101337
0.101168
0.100999
0.100831
0.100663
0.100495
0.100328
0.100161
0.099995
0.099829
0.099663
0.099498
0.099333
0.099168
0.099004
0.098840
0.098676
0.098513
0.098350
0.098188
0.098025
0.097864
0.097702
0.097541
0.097380
0.097220
0.097060
0.096900
0.096741
0.096582
0.096423
0.096265
0.096107
0.095950
0.095792
0.095635
0.095479
0.095323
0.095167
0.095011
0.094856
0.094702
0.094547
0.094393
0.094239
0.094086
0.093933
0.093780
0.093628
0.093476
0.093324
0.093173
0.093022
0.092871
0.092720
0.092570
0.092421
0.092272
0.092123
0.091974
0.091826
0.091678
0.091530
0.091383
0.091236
0.091089
0.090943
0.090797
0.090651
0.090506
0.090361
0.090216
0.090072
0.089928
0.089784
0.089641
0.089498
0.089355
0.089213
0.089071
0.088929
0.088787
0.088646
0.088506
0.088365
0.088225
0.088085
0.087946
0.087807
0.087668
0.087529
0.087391
0.087253
0.087116
0.086978
0.086841
0.086705
0.086568
0.086432
0.086297
0.086161
0.086026
0.085891
0.085757
0.085623
0.085489
0.085355
0.085222
0.085089
0.084957
0.084824
0.084692
0.084561
0.084429
0.084298
0.084167
0.084037
0.083906
0.083776
0.083647
0.083517
0.083388
0.083260
0.083131
0.083003
0.082875
0.082748
0.082620
0.082493
0.082367
0.082240
0.082114
0.081988
0.081863
0.081738
0.081613
0.081488
0.081363
0.081239
0.081115
0.080992
0.080869
0.080746
0.080623
0.080500
0.080378
0.080256
0.080135
0.080014
0.079892
0.079772
0.079651
0.079531
0.079411
0.079291
0.079172
0.079053
0.078934
0.078815
0.078697
0.078579
0.078461
0.078344
0.078226
0.078109
0.077993
0.077876
0.077760
0.077644
0.077528
0.077413
0.077298
0.077183
0.077068
0.076954
0.076840
0.076726
0.076612
0.076499
0.076386
0.076273
0.076161
0.076048
0.075936
0.075824
0.075713
0.075601
0.075490
0.075380
0.075269
0.075159
0.075049
0.074939
0.074829
0.074720
0.074611
0.074502
0.074393
0.074285
0.074177
0.074069
0.073961
0.073854
0.073747
0.073640
0.073533
0.073427
0.073320
0.073215
0.073109
0.073003
0.072898
0.072793
0.072688
0.072584
0.072479
0.072375
0.072271
0.072168
0.072064
0.071961
0.071858
0.071755
0.071653
0.071551
0.071449
0.071347
0.071245
0.071144
0.071043
0.070942
0.070841
0.070741
0.070640
0.070540
0.070441
0.070341
0.070242
0.070142
0.070043
0.069945
0.069846
0.069748
0.069650
0.069552
0.069454
0.069357
0.069260
0.069163
0.069066
0.068969
0.068873
0.068777
0.068681
0.068585
0.068489
0.068394
0.068299
0.068204
0.068109
0.068015
0.067921
0.067826
0.067733
0.067639
0.067545
0.067452
0.067359
0.067266
0.067173
0.067081
0.066989
0.066897
0.066805
0.066713
0.066622
0.066530
0.066439
0.066348
0.066258
0.066167
0.066077
0.065987
0.065897
0.065807
0.065717
0.065628
0.065539
0.065450
0.065361
0.065273
0.065184
0.065096
0.065008
0.064920
0.064832
0.064745
0.064658
0.064571
0.064484
0.064397
0.064310
0.064224
0.064138
0.064052
0.063966
0.063880
0.063795
0.063710
0.063625
0.063540
0.063455
0.063370
0.063286
0.063202
0.063118
0.063034
0.062950
0.062867
0.062784
0.062700
0.062618
0.062535
0.062452
0.062370
0.062287
0.062205
0.062123
0.062042
0.061960
0.061879
0.061797
0.061716
0.061635
0.061555
0.061474
0.061394
0.061313
0.061233
0.061153
0.061074
0.060994
0.060915
0.060835
0.060756
0.060677
0.060599
0.060520
0.060442
0.060363
0.060285
0.060207
0.060130
0.060052
0.059975
0.059897
0.059820
0.059743
0.059666
0.059590
0.059513
0.059437
0.059360
0.059284
0.059209
0.059133
0.059057
0.058982
0.058907
0.058831
0.058756
0.058682
0.058607
0.058532
0.058458
0.058384
0.058310
0.058236
0.058162
0.058089
0.058015
0.057942
0.057869
0.057796
0.057723
0.057650
0.057577
0.057505
0.057433
0.057361
0.057289
0.057217
0.057145
0.057073
0.057002
0.056931
0.056860
0.056789
0.056718
0.056647
0.056577
0.056506
0.056436
0.056366
0.056296
0.056226
0.056156
0.056087
0.056017
0.055948
0.055879
0.055810
0.055741
0.055672
0.055603
0.055535
0.055467
0.055398
0.055330
0.055262
0.055195
0.055127
0.055059
0.054992
0.054925
0.054857
0.054790
0.054724
0.054657
0.054590
0.054524
0.054457
0.054391
0.054325
0.054259
0.054193
0.054128
0.054062
0.053997
0.053931
0.053866
0.053801
0.053736
0.053671
0.053607
0.053542
0.053478
0.053413
0.053349
0.053285
0.053221
0.053157
0.053094
0.053030
0.052967
0.052903
0.052840
0.052777
0.052714
0.052651
0.052588
0.052526
0.052463
0.052401
0.052339
0.052277
0.052215
0.052153
0.052091
0.052029
0.051968
0.051907
0.051845
0.051784
0.051723
0.051662
0.051601
0.051541
0.051480
0.051420
0.051359
0.051299
0.051239
0.051179
0.051119
0.051059
0.051000
0.050940
0.050881
0.050821
0.050762
0.050703
0.050644
0.050585
0.050526
0.050468
0.050409
0.050351
0.050292
0.050234
0.050176
0.050118
0.050060
0.050002
0.049945
0.049887
0.049830
0.049772
0.049715
0.049658
0.049601
0.049544
0.049487
0.049431
0.049374
0.049318
0.049261
0.049205
0.049149
0.049093
0.049037
0.048981
0.048925
0.048869
0.048814
0.048758
0.048703
0.048648
0.048593
0.048538
0.048483
0.048428
0.048373
0.048319
0.048264
0.048210
0.048155
0.048101
0.048047
0.047993
0.047939
0.047885
0.047831
0.047778
0.047724
0.047671
0.047617
0.047564
0.047511
0.047458
0.047405
0.047352
0.047299
0.047247
0.047194
0.047142
0.047089
0.047037
0.046985
0.046933
0.046881
0.046829
0.046777
0.046725
0.046674
0.046622
0.046571
0.046520
0.046468
0.046417
0.046366
0.046315
0.046264
0.046214
0.046163
0.046112
0.046062
0.046011
0.045961
0.045911
0.045861
0.045811
0.045761
0.045711
0.045661
0.045611
0.045562
0.045512
0.045463
0.045413
0.045364
0.045315
0.045266
0.045217
0.045168
0.045119
0.045070
0.045022
0.044973
0.044925
0.044876
0.044828
0.044780
0.044732
0.044684
0.044636
0.044588
0.044540
0.044492
0.044445
0.044397
0.044350
0.044302
0.044255
0.044208
0.044161
0.044114
0.044067
0.044020
0.043973
0.043927
0.043880
0.043833
0.043787
0.043741
0.043694
0.043648
0.043602
0.043556
0.043510
0.043464
0.043418
0.043372
0.043327
0.043281
0.043236
0.043190
0.043145
0.043100
0.043055
0.043009
0.042964
0.042919
0.042875
0.042830
0.042785
0.042740
0.042696
0.042651
0.042607
0.042563
0.042518
0.042474
0.042430
0.042386
0.042342
0.042298
0.042255
0.042211
0.042167
0.042124
0.042080
0.042037
0.041993
0.041950
0.041907
0.041864
0.041821
0.041778
0.041735
0.041692
0.041649
0.041607
0.041564
0.041521
0.041479
0.041437
0.041394
0.041352
0.041310
0.041268
0.041226
0.041184
0.041142
0.041100
0.041058
0.041017
0.040975
0.040933
0.040892
0.040851
0.040809
0.040768
0.040727
0.040686
0.040645
0.040604
0.040563
0.040522
0.040481
0.040440
0.040400
0.040359
0.040319
0.040278
0.040238
0.040198
0.040157
0.040117
0.040077
0.040037
0.039997
0.039957
0.039917
0.039878
0.039838
0.039798
0.039759
0.039719
0.039680
0.039640
0.039601
0.039562
0.039523
0.039484
0.039445
0.039406
0.039367
0.039328
0.039289
0.039250
0.039212
0.039173
0.039134
0.039096
0.039058
0.039019
0.038981
0.038943
0.038905
0.038867
0.038828
0.038791
0.038753
0.038715
0.038677
0.038639
0.038602
0.038564
0.038526
0.038489
0.038452
0.038414
0.038377
0.038340
0.038303
0.038265
0.038228
0.038191
0.038154
0.038118
0.038081
0.038044
0.038007
0.037971
0.037934
0.037898
0.037861
0.037825
0.037788
0.037752
0.037716
0.037680
0.037644
0.037608
0.037572
0.037536
0.037500
0.037464
0.037428
0.037393
0.037357
0.037321
0.037286
0.037250
0.037215
0.037180
0.037144
0.037109
0.037074
0.037039
0.037004
0.036969
0.036934
0.036899
0.036864
0.036829
0.036794
0.036760
0.036725
0.036690
0.036656
0.036621
0.036587
0.036553
0.036518
0.036484
0.036450
0.036416
0.036382
0.036348
0.036314
0.036280
0.036246
0.036212
0.036178
0.036145
0.036111
0.036077
0.036044
0.036010
0.035977
0.035943
0.035910
0.035877
0.035844
0.035810
0.035777
0.035744
0.035711
0.035678
0.035645
0.035612
0.035580
0.035547
0.035514
0.035481
0.035449
0.035416
0.035384
0.035351
0.035319
0.035286
0.035254
0.035222
0.035190
0.035157
0.035125
0.035093
0.035061
0.035029
0.034997
0.034965
0.034934
0.034902
0.034870
0.034838
0.034807
0.034775
0.034744
0.034712
0.034681
0.034649
0.034618
0.034587
0.034555
0.034524
0.034493
0.034462
0.034431
0.034400
0.034369
0.034338
0.034307
0.034276
0.034246
0.034215
0.034184
0.034154
0.034123
0.034093
0.034062
0.034032
0.034001
0.033971
0.033941
0.033910
0.033880
0.033850
0.033820
0.033790
0.033760
0.033730
0.033700
0.033670
0.033640
0.033610
0.033580
0.033551
0.033521
0.033491
0.033462
0.033432
0.033403
0.033373
0.033344
0.033315
0.033285
0.033256
0.033227
0.033198
0.033168
0.033139
0.033110
0.033081
0.033052
0.033023
0.032995
0.032966
0.032937
0.032908
0.032879
0.032851
0.032822
0.032794
0.032765
0.032737
0.032708
0.032680
0.032651
0.032623
0.032595
0.032566
0.032538
0.032510
0.032482
0.032454
0.032426
0.032398
0.032370
0.032342
0.032314
0.032286
0.032258
0.032231
0.032203
0.032175
0.032148
0.032120
0.032093
0.032065
0.032038
0.032010
0.031983
0.031955
0.031928
0.031901
0.031874
0.031846
0.031819
0.031792
0.031765
0.031738
0.031711
0.031684
0.031657
0.031630
0.031604
0.031577
0.031550
0.031523
0.031497
0.031470
0.031443
0.031417
0.031390
0.031364
0.031337
0.031311
0.031285
0.031258
0.031232
0.031206
0.031180
0.031153
0.031127
0.031101
0.031075
0.031049
0.031023
0.030997
0.030971
0.030945
0.030919
0.030894
0.030868
0.030842
0.030816
0.030791
0.030765
0.030740
0.030714
0.030688
0.030663
0.030638
0.030612
0.030587
0.030561
0.030536
0.030511
0.030486
0.030460
0.030435
0.030410
0.030385
0.030360
0.030335
0.030310
0.030285
0.030260
0.030235
0.030211
0.030186
0.030161
0.030136
0.030112
0.030087
0.030062
0.030038
0.030013
0.029989
0.029964
0.029940
0.029915
0.029891
0.029866
0.029842
0.029818
0.029794
0.029769
0.029745
0.029721
0.029697
0.029673
0.029649
0.029625
0.029601
0.029577
0.029553
0.029529
0.029505
0.029481
0.029458
0.029434
0.029410
0.029387
0.029363
0.029339
0.029316
0.029292
0.029269
0.029245
0.029222
0.029198
0.029175
0.029151
0.029128
0.029105
0.029082
0.029058
0.029035
0.029012
0.028989
0.028966
0.028943
0.028920
0.028897
0.028874
0.028851
0.028828
0.028805
0.028782
0.028759
0.028737
0.028714
0.028691
0.028668
0.028646
0.028623
0.028600
0.028578
0.028555
0.028533
0.028510
0.028488
0.028466
0.028443
0.028421
0.028398
0.028376
0.028354
0.028332
0.028309
0.028287
0.028265
0.028243
0.028221
0.028199
0.028177
0.028155
0.028133
0.028111
0.028089
0.028067
0.028045
0.028024
0.028002
0.027980
0.027958
0.027937
0.027915
0.027893
0.027872
0.027850
0.027829
0.027807
0.027785
0.027764
0.027743
0.027721
0.027700
0.027678
0.027657
0.027636
0.027615
0.027593
0.027572
0.027551
0.027530
0.027509
0.027488
0.027466
0.027445
0.027424
0.027403
0.027382
0.027362
0.027341
0.027320
0.027299
0.027278
0.027257
0.027237
0.027216
0.027195
0.027174
0.027154
0.027133
0.027113
0.027092
0.027071
0.027051
0.027030
0.027010
0.026989
0.026969
0.026949
0.026928
0.026908
0.026888
0.026867
0.026847
0.026827
0.026807
0.026787
0.026766
0.026746
0.026726
0.026706
0.026686
0.026666
0.026646
0.026626
0.026606
0.026586
0.026566
0.026547
0.026527
0.026507
0.026487
0.026467
0.026448
0.026428
0.026408
0.026389
0.026369
0.026349
0.026330
0.026310
0.026291
0.026271
0.026252
0.026232
0.026213
0.026193
0.026174
0.026155
0.026135
0.026116
0.026097
0.026078
0.026058
0.026039
0.026020
0.026001
0.025982
0.025963
0.025943
0.025924
0.025905
0.025886
0.025867
0.025848
0.025829
0.025811
0.025792
0.025773
0.025754
0.025735
0.025716
0.025698
0.025679
0.025660
0.025641
0.025623
0.025604
0.025585
0.025567
0.025548
0.025530
0.025511
0.025493
0.025474
0.025456
0.025437
0.025419
0.025401
0.025382
0.025364
0.025346
0.025327
0.025309
0.025291
0.025272
0.025254
0.025236
0.025218
0.025200
0.025182
0.025164
0.025146
0.025127
0.025109
0.025091
0.025073
0.025056
0.025038
0.025020
0.025002
0.024984
0.024966
0.024948
0.024930
0.024913
0.024895
0.024877
0.024859
0.024842
0.024824
0.024806
0.024789
0.024771
0.024754
0.024736
0.024719
0.024701
0.024684
0.024666
0.024649
0.024631
0.024614
0.024596
0.024579
0.024562
0.024544
0.024527
0.024510
0.024493
0.024475
0.024458
0.024441
0.024424
0.024407
0.024389
0.024372
0.024355
0.024338
0.024321
0.024304
0.024287
0.024270
0.024253
0.024236
0.024219
0.024202
0.024186
0.024169
0.024152
0.024135
0.024118
0.024101
0.024085
0.024068
0.024051
0.024035
0.024018
0.024001
0.023985
0.023968
0.023951
0.023935
0.023918
0.023902
0.023885
0.023869
0.023852
0.023836
0.023819
0.023803
0.023787
0.023770
0.023754
0.023738
0.023721
0.023705
0.023689
0.023672
0.023656
0.023640
0.023624
0.023608
0.023591
0.023575
0.023559
0.023543
0.023527
0.023511
0.023495
0.023479
0.023463
0.023447
0.023431
0.023415
0.023399
0.023383
0.023367
0.023351
0.023336
0.023320
0.023304
0.023288
0.023272
0.023257
0.023241
0.023225
0.023209
0.023194
0.023178
0.023162
0.023147
0.023131
0.023116
0.023100
0.023084
0.023069
0.023053
0.023038
0.023022
0.023007
0.022992
0.022976
0.022961
0.022945
0.022930
0.022915
0.022899
0.022884
0.022869
0.022853
0.022838
0.022823
0.022808
0.022792
0.022777
0.022762
0.022747
0.022732
0.022717
0.022702
0.022687
0.022671
0.022656
0.022641
0.022626
0.022611
0.022596
0.022581
0.022567
0.022552
0.022537
0.022522
0.022507
0.022492
0.022477
0.022462
0.022448
0.022433
0.022418
0.022403
0.022389
0.022374
0.022359
0.022344
0.022330
0.022315
0.022300
0.022286
0.022271
0.022257
0.022242
0.022228
0.022213
0.022199
0.022184
0.022170
0.022155
0.022141
0.022126
0.022112
0.022097
0.022083
0.022069
0.022054
0.022040
0.022026
0.022011
0.021997
0.021983
0.021969
0.021954
0.021940
0.021926
0.021912
0.021898
0.021883
0.021869
0.021855
0.021841
0.021827
0.021813
0.021799
0.021785
0.021771
0.021757
0.021743
0.021729
0.021715
0.021701
0.021687
0.021673
0.021659
0.021645
0.021631
0.021618
0.021604
0.021590
0.021576
0.021562
0.021549
0.021535
0.021521
0.021507
0.021494
0.021480
0.021466
0.021453
0.021439
0.021425
0.021412
0.021398
0.021384
0.021371
0.021357
0.021344
0.021330
0.021317
0.021303
0.021290
0.021276
0.021263
0.021249
0.021236
0.021223
0.021209
0.021196
0.021182
0.021169
0.021156
0.021142
0.021129
0.021116
0.021103
0.021089
0.021076
0.021063
0.021050
0.021037
0.021023
0.021010
0.020997
0.020984
0.020971
0.020958
0.020945
0.020931
0.020918
0.020905
0.020892
0.020879
0.020866
0.020853
0.020840
0.020827
0.020814
0.020801
0.020789
0.020776
0.020763
0.020750
0.020737
0.020724
0.020711
0.020698
0.020686
0.020673
0.020660
0.020647
0.020635
0.020622
0.020609
0.020596
0.020584
0.020571
0.020558
0.020546
0.020533
0.020520
0.020508
0.020495
0.020483
0.020470
0.020457
0.020445
0.020432
0.020420
0.020407
0.020395
0.020382
0.020370
0.020357
0.020345
0.020333
0.020320
0.020308
0.020295
0.020283
0.020271
0.020258
0.020246
0.020234
0.020221
0.020209
0.020197
0.020185
0.020172
0.020160
0.020148
0.020136
0.020123
0.020111
0.020099
0.020087
0.020075
0.020063
0.020051
0.020038
0.020026
0.020014
0.020002
0.019990
0.019978
0.019966
0.019954
0.019942
0.019930
0.019918
0.019906
0.019894
0.019882
0.019870
0.019858
0.019846
0.019835
0.019823
0.019811
0.019799
0.019787
0.019775
0.019764
0.019752
0.019740
0.019728
0.019716
0.019705
0.019693
0.019681
0.019670
0.019658
0.019646
0.019634
0.019623
0.019611
0.019599
0.019588
0.019576
0.019565
0.019553
0.019541
0.019530
0.019518
0.019507
0.019495
0.019484
0.019472
0.019461
0.019449
0.019438
0.019426
0.019415
0.019404
0.019392
0.019381
0.019369
0.019358
0.019347
0.019335
0.019324
0.019313
0.019301
0.019290
0.019279
0.019267
0.019256
0.019245
0.019233
0.019222
0.019211
0.019200
0.019189
0.019177
0.019166
0.019155
0.019144
0.019133
0.019122
0.019110
0.019099
0.019088
0.019077
0.019066
0.019055
0.019044
0.019033
0.019022
0.019011
0.019000
0.018989
0.018978
0.018967
0.018956
0.018945
0.018934
0.018923
0.018912
0.018901
0.018890
0.018880
0.018869
0.018858
0.018847
0.018836
0.018825
0.018814
0.018804
0.018793
0.018782
0.018771
0.018760
0.018750
0.018739
0.018728
0.018718
0.018707
0.018696
0.018685
0.018675
0.018664
0.018653
0.018643
0.018632
0.018622
0.018611
0.018600
0.018590
0.018579
0.018569
0.018558
0.018548
0.018537
0.018526
0.018516
0.018505
0.018495
0.018484
0.018474
0.018464
0.018453
0.018443
0.018432
0.018422
0.018411
0.018401
0.018391
0.018380
0.018370
0.018360
0.018349
0.018339
0.018329
0.018318
0.018308
0.018298
0.018287
0.018277
0.018267
0.018257
0.018246
0.018236
0.018226
0.018216
0.018205
0.018195
0.018185
0.018175
0.018165
0.018155
0.018144
0.018134
0.018124
0.018114
0.018104
0.018094
0.018084
0.018074
0.018064
0.018054
0.018044
0.018034
0.018024
0.018014
0.018004
0.017994
0.017984
0.017974
0.017964
0.017954
0.017944
0.017934
0.017924
0.017914
0.017904
0.017894
0.017884
0.017875
0.017865
0.017855
0.017845
0.017835
0.017825
0.017815
0.017806
0.017796
0.017786
0.017776
0.017767
0.017757
0.017747
0.017737
0.017728
0.017718
0.017708
0.017699
0.017689
0.017679
0.017669
0.017660
0.017650
0.017641
0.017631
0.017621
0.017612
0.017602
0.017592
0.017583
0.017573
0.017564
0.017554
0.017545
0.017535
0.017526
0.017516
0.017507
0.017497
0.017488
0.017478
0.017469
0.017459
0.017450
0.017440
0.017431
0.017421
0.017412
0.017403
0.017393
0.017384
0.017374
0.017365
0.017356
0.017346
0.017337
0.017328
0.017318
0.017309
0.017300
0.017290
0.017281
0.017272
0.017263
0.017253
0.017244
0.017235
0.017226
0.017216
0.017207
0.017198
0.017189
0.017180
0.017170
0.017161
0.017152
0.017143
0.017134
0.017125
0.017115
0.017106
0.017097
0.017088
0.017079
0.017070
0.017061
0.017052
0.017043
0.017034
0.017025
0.017016
0.017007
0.016998
0.016989
0.016980
0.016971
0.016962
0.016953
0.016944
0.016935
0.016926
0.016917
0.016908
0.016899
0.016890
0.016881
0.016872
0.016863
0.016854
0.016846
0.016837
0.016828
0.016819
0.016810
0.016801
0.016793
0.016784
0.016775
0.016766
0.016757
0.016749
0.016740
0.016731
0.016722
0.016714
0.016705
0.016696
0.016687
0.016679
0.016670
0.016661
0.016653
0.016644
0.016635
0.016627
0.016618
0.016609
0.016601
0.016592
0.016583
0.016575
0.016566
0.016557
0.016549
0.016540
0.016532
0.016523
0.016515
0.016506
0.016497
0.016489
0.016480
0.016472
0.016463
0.016455
0.016446
0.016438
0.016429
0.016421
0.016412
0.016404
0.016396
0.016387
0.016379
0.016370
0.016362
0.016353
0.016345
0.016337
0.016328
0.016320
0.016312
0.016303
0.016295
0.016286
0.016278
0.016270
0.016261
0.016253
0.016245
0.016237
0.016228
0.016220
0.016212
0.016203
0.016195
0.016187
0.016179
0.016170
0.016162
0.016154
0.016146
0.016138
0.016129
0.016121
0.016113
0.016105
0.016097
0.016088
0.016080
0.016072
0.016064
0.016056
0.016048
0.016040
0.016031
0.016023
0.016015
0.016007
0.015999
0.015991
0.015983
0.015975
0.015967
0.015959
0.015951
0.015943
0.015935
0.015927
0.015919
0.015911
0.015903
0.015895
0.015887
0.015879
0.015871
0.015863
0.015855
0.015847
0.015839
0.015831
0.015823
0.015815
0.015807
0.015799
0.015791
0.015784
0.015776
0.015768
0.015760
0.015752
0.015744
0.015736
0.015729
0.015721
0.015713
0.015705
0.015697
0.015689
0.015682
0.015674
0.015666
0.015658
0.015651
0.015643
0.015635
0.015627
0.015620
0.015612
0.015604
0.015596
0.015589
0.015581
0.015573
0.015566
0.015558
0.015550
0.015543
0.015535
0.015527
0.015520
0.015512
0.015504
0.015497
0.015489
0.015481
0.015474
0.015466
0.015459
0.015451
0.015443
0.015436
0.015428
0.015421
0.015413
0.015406
0.015398
0.015391
0.015383
0.015375
0.015368
0.015360
0.015353
0.015345
0.015338
0.015330
0.015323
0.015316
0.015308
0.015301
0.015293
0.015286
0.015278
0.015271
0.015263
0.015256
0.015249
0.015241
0.015234
0.015226
0.015219
0.015212
0.015204
0.015197
0.015190
0.015182
0.015175
0.015168
0.015160
0.015153
0.015146
0.015138
0.015131
0.015124
0.015116
0.015109
0.015102
0.015094
0.015087
0.015080
0.015073
0.015065
0.015058
0.015051
0.015044
0.015037
0.015029
0.015022
0.015015
0.015008
0.015000
0.014993
0.014986
0.014979
0.014972
0.014965
0.014957
0.014950
0.014943
0.014936
0.014929
0.014922
0.014915
0.014908
0.014900
0.014893
0.014886
0.014879
0.014872
0.014865
0.014858
0.014851
0.014844
0.014837
0.014830
0.014823
0.014816
0.014809
0.014802
0.014795
0.014788
0.014781
0.014774
0.014767
0.014760
0.014753
0.014746
0.014739
0.014732
0.014725
0.014718
0.014711
0.014704
0.014697
0.014690
0.014683
0.014676
0.014669
0.014662
0.014656
0.014649
0.014642
0.014635
0.014628
0.014621
0.014614
0.014607
0.014601
0.014594
0.014587
0.014580
0.014573
0.014566
0.014560
0.014553
0.014546
0.014539
0.014532
0.014526
0.014519
0.014512
0.014505
0.014499
0.014492
0.014485
0.014478
0.014472
0.014465
0.014458
0.014451
0.014445
0.014438
0.014431
0.014425
0.014418
0.014411
0.014404
0.014398
0.014391
0.014384
0.014378
0.014371
0.014364
0.014358
0.014351
0.014345
0.014338
0.014331
0.014325
0.014318
0.014311
0.014305
0.014298
0.014292
0.014285
0.014279
0.014272
0.014265
0.014259
0.014252
0.014246
0.014239
0.014233
0.014226
0.014220
0.014213
0.014207
0.014200
0.014194
0.014187
0.014181
0.014174
0.014168
0.014161
0.014155
0.014148
0.014142
0.014135
0.014129
0.014122
0.014116
0.014109
0.014103
0.014097
0.014090
0.014084
0.014077
0.014071
0.014065
0.014058
0.014052
0.014045
0.014039
0.014033
0.014026
0.014020
0.014014
0.014007
0.014001
0.013995
0.013988
0.013982
0.013976
0.013969
0.013963
0.013957
0.013950
0.013944
0.013938
0.013931
0.013925
0.013919
0.013913
0.013906
0.013900
0.013894
0.013888
0.013881
0.013875
0.013869
0.013863
0.013856
0.013850
0.013844
0.013838
0.013832
0.013825
0.013819
0.013813
0.013807
0.013801
0.013794
0.013788
0.013782
0.013776
0.013770
0.013764
0.013757
0.013751
0.013745
0.013739
0.013733
0.013727
0.013721
0.013715
0.013708
0.013702
0.013696
0.013690
0.013684
0.013678
0.013672
0.013666
0.013660
0.013654
0.013648
0.013642
0.013636
0.013630
0.013623
0.013617
0.013611
0.013605
0.013599
0.013593
0.013587
0.013581
0.013575
0.013569
0.013563
0.013557
0.013551
0.013545
0.013539
0.013534
0.013528
0.013522
0.013516
0.013510
0.013504
0.013498
0.013492
0.013486
0.013480
0.013474
0.013468
0.013462
0.013456
0.013450
0.013445
0.013439
0.013433
0.013427
0.013421
0.013415
0.013409
0.013403
0.013398
0.013392
0.013386
0.013380
0.013374
0.013368
0.013363
0.013357
0.013351
0.013345
0.013339
0.013334
0.013328
0.013322
0.013316
0.013310
0.013305
0.013299
0.013293
0.013287
0.013281
0.013276
0.013270
0.013264
0.013258
0.013253
0.013247
0.013241
0.013236
0.013230
0.013224
0.013218
0.013213
0.013207
0.013201
0.013196
0.013190
0.013184
0.013179
0.013173
0.013167
0.013162
0.013156
0.013150
0.013145
0.013139
0.013133
0.013128
0.013122
0.013116
0.013111
0.013105
0.013099
0.013094
0.013088
0.013083
0.013077
0.013071
0.013066
0.013060
0.013055
0.013049
0.013044
0.013038
0.013032
0.013027
0.013021
0.013016
0.013010
0.013005
0.012999
0.012994
0.012988
0.012982
0.012977
0.012971
0.012966
0.012960
0.012955
0.012949
0.012944
0.012938
0.012933
0.012927
0.012922
0.012916
0.012911
0.012906
0.012900
0.012895
0.012889
0.012884
0.012878
0.012873
0.012867
0.012862
0.012856
0.012851
0.012846
0.012840
0.012835
0.012829
0.012824
0.012819
0.012813
0.012808
0.012802
0.012797
0.012792
0.012786
0.012781
0.012776
0.012770
0.012765
0.012759
0.012754
0.012749
0.012743
0.012738
0.012733
0.012727
0.012722
0.012717
0.012711
0.012706
0.012701
0.012696
0.012690
0.012685
0.012680
0.012674
0.012669
0.012664
0.012658
0.012653
0.012648
0.012643
0.012637
0.012632
0.012627
0.012622
0.012616
0.012611
0.012606
0.012601
0.012595
0.012590
0.012585
0.012580
0.012575
0.012569
0.012564
0.012559
0.012554
0.012549
0.012543
0.012538
0.012533
0.012528
0.012523
0.012517
0.012512
0.012507
0.012502
0.012497
0.012492
0.012487
0.012481
0.012476
0.012471
0.012466
0.012461
0.012456
0.012451
0.012445
0.012440
0.012435
0.012430
0.012425
0.012420
0.012415
0.012410
0.012405
0.012400
0.012395
0.012389
0.012384
0.012379
0.012374
0.012369
0.012364
0.012359
0.012354
0.012349
0.012344
0.012339
0.012334
0.012329
0.012324
0.012319
0.012314
0.012309
0.012304
0.012299
0.012294
0.012289
0.012284
0.012279
0.012274
0.012269
0.012264
0.012259
0.012254
0.012249
0.012244
0.012239
0.012234
0.012229
0.012224
0.012219
0.012214
0.012209
0.012204
0.012199
0.012194
0.012190
0.012185
0.012180
0.012175
0.012170
0.012165
0.012160
0.012155
0.012150
0.012145
0.012141
0.012136
0.012131
0.012126
0.012121
0.012116
0.012111
0.012106
0.012102
0.012097
0.012092
0.012087
0.012082
0.012077
0.012072
0.012068
0.012063
0.012058
0.012053
0.012048
0.012043
0.012039
0.012034
0.012029
0.012024
0.012019
0.012015
0.012010
0.012005
0.012000
0.011996
0.011991
0.011986
0.011981
0.011976
0.011972
0.011967
0.011962
0.011957
0.011953
0.011948
0.011943
0.011938
0.011934
0.011929
0.011924
0.011919
0.011915
0.011910
0.011905
0.011901
0.011896
0.011891
0.011886
0.011882
0.011877
0.011872
0.011868
0.011863
0.011858
0.011854
0.011849
0.011844
0.011840
0.011835
0.011830
0.011826
0.011821
0.011816
0.011812
0.011807
0.011802
0.011798
0.011793
0.011789
0.011784
0.011779
0.011775
0.011770
0.011765
0.011761
0.011756
0.011752
0.011747
0.011742
0.011738
0.011733
0.011729
0.011724
0.011719
0.011715
0.011710
0.011706
0.011701
0.011697
0.011692
0.011687
0.011683
0.011678
0.011674
0.011669
0.011665
0.011660
0.011656
0.011651
0.011647
0.011642
0.011638
0.011633
0.011628
0.011624
0.011619
0.011615
0.011610
0.011606
0.011601
0.011597
0.011592
0.011588
0.011584
0.011579
0.011575
0.011570
0.011566
0.011561
0.011557
0.011552
0.011548
0.011543
0.011539
0.011534
0.011530
0.011526
0.011521
0.011517
0.011512
0.011508
0.011503
0.011499
0.011494
0.011490
0.011486
0.011481
0.011477
0.011472
0.011468
0.011464
0.011459
0.011455
0.011450
0.011446
0.011442
0.011437
0.011433
0.011429
0.011424
0.011420
0.011415
0.011411
0.011407
0.011402
0.011398
0.011394
0.011389
0.011385
0.011381
0.011376
0.011372
0.011368
0.011363
0.011359
0.011355
0.011350
0.011346
0.011342
0.011337
0.011333
0.011329
0.011324
0.011320
0.011316
0.011312
0.011307
0.011303
0.011299
0.011294
0.011290
0.011286
0.011282
0.011277
0.011273
0.011269
0.011265
0.011260
0.011256
0.011252
0.011248
0.011243
0.011239
0.011235
0.011231
0.011226
0.011222
0.011218
0.011214
0.011209
0.011205
0.011201
0.011197
0.011193
0.011188
0.011184
0.011180
0.011176
0.011172
0.011167
0.011163
0.011159
0.011155
0.011151
0.011146
0.011142
0.011138
0.011134
0.011130
0.011126
0.011121
0.011117
0.011113
0.011109
0.011105
0.011101
0.011097
0.011092
0.011088
0.011084
0.011080
0.011076
0.011072
0.011068
0.011064
0.011059
0.011055
0.011051
0.011047
0.011043
0.011039
0.011035
0.011031
0.011027
0.011022
0.011018
0.011014
0.011010
0.011006
0.011002
0.010998
0.010994
0.010990
0.010986
0.010982
0.010978
0.010974
0.010970
0.010966
0.010961
0.010957
0.010953
0.010949
0.010945
0.010941
0.010937
0.010933
0.010929
0.010925
0.010921
0.010917
0.010913
0.010909
0.010905
0.010901
0.010897
0.010893
0.010889
0.010885
0.010881
0.010877
0.010873
0.010869
0.010865
0.010861
0.010857
0.010853
0.010849
0.010845
0.010841
0.010837
0.010833
0.010829
0.010825
0.010821
0.010817
0.010813
0.010810
0.010806
0.010802
0.010798
0.010794
0.010790
0.010786
0.010782
0.010778
0.010774
0.010770
0.010766
0.010762
0.010758
0.010755
0.010751
0.010747
0.010743
0.010739
0.010735
0.010731
0.010727
0.010723
0.010719
0.010716
0.010712
0.010708
0.010704
0.010700
0.010696
0.010692
0.010688
0.010685
0.010681
0.010677
0.010673
0.010669
0.010665
0.010661
0.010658
0.010654
0.010650
0.010646
0.010642
0.010638
0.010635
0.010631
0.010627
0.010623
0.010619
0.010616
0.010612
0.010608
0.010604
0.010600
0.010596
0.010593
0.010589
0.010585
0.010581
0.010577
0.010574
0.010570
0.010566
0.010562
0.010559
0.010555
0.010551
0.010547
0.010543
0.010540
0.010536
0.010532
0.010528
0.010525
0.010521
0.010517
0.010513
0.010510
0.010506
0.010502
0.010498
0.010495
0.010491
0.010487
0.010483
0.010480
0.010476
0.010472
0.010469
0.010465
0.010461
0.010457
0.010454
0.010450
0.010446
0.010443
0.010439
0.010435
0.010432
0.010428
0.010424
0.010420
0.010417
0.010413
0.010409
0.010406
0.010402
0.010398
0.010395
0.010391
0.010387
0.010384
0.010380
0.010376
0.010373
0.010369
0.010365
0.010362
0.010358
0.010354
0.010351
0.010347
0.010344
0.010340
0.010336
0.010333
0.010329
0.010325
0.010322
0.010318
0.010314
0.010311
0.010307
0.010304
0.010300
0.010296
0.010293
0.010289
0.010286
0.010282
0.010278
0.010275
0.010271
0.010268
0.010264
0.010260
0.010257
0.010253
0.010250
0.010246
0.010243
0.010239
0.010235
0.010232
0.010228
0.010225
0.010221
0.010218
0.010214
0.010211
0.010207
0.010203
0.010200
0.010196
0.010193
0.010189
0.010186
0.010182
0.010179
0.010175
0.010172
0.010168
0.010165
0.010161
0.010158
0.010154
0.010150
0.010147
0.010143
0.010140
0.010136
0.010133
0.010129
0.010126
0.010122
0.010119
0.010115
0.010112
0.010109
0.010105
0.010102
0.010098
0.010095
0.010091
0.010088
0.010084
0.010081
0.010077
0.010074
0.010070
0.010067
0.010063
0.010060
0.010056
0.010053
0.010050
0.010046
0.010043
0.010039
0.010036
0.010032
0.010029
0.010025
0.010022
0.010019
0.010015
0.010012
0.010008
0.010005
0.010002
0.009998
0.009995
0.009991
0.009988
0.009984
0.009981
0.009978
0.009974
0.009971
0.009967
0.009964
0.009961
0.009957
0.009954
0.009950
0.009947
0.009944
0.009940
0.009937
0.009934
0.009930
0.009927
0.009923
0.009920
0.009917
0.009913
0.009910
0.009907
0.009903
0.009900
0.009897
0.009893
0.009890
0.009887
0.009883
0.009880
0.009877
0.009873
0.009870
0.009867
0.009863
0.009860
0.009857
0.009853
0.009850
0.009847
0.009843
0.009840
0.009837
0.009833
0.009830
0.009827
0.009823
0.009820
0.009817
0.009813
0.009810
0.009807
0.009804
0.009800
0.009797
0.009794
0.009790
0.009787
0.009784
0.009781
0.009777
0.009774
0.009771
0.009767
0.009764
0.009761
0.009758
0.009754
0.009751
0.009748
0.009745
0.009741
0.009738
0.009735
0.009732
0.009728
0.009725
0.009722
0.009719
0.009715
0.009712
0.009709
0.009706
0.009702
0.009699
0.009696
0.009693
0.009690
0.009686
0.009683
0.009680
0.009677
0.009673
0.009670
0.009667
0.009664
0.009661
0.009657
0.009654
0.009651
0.009648
0.009645
0.009641
0.009638
0.009635
0.009632
0.009629
0.009625
0.009622
0.009619
0.009616
0.009613
0.009610
0.009606
0.009603
0.009600
0.009597
0.009594
0.009591
0.009587
0.009584
0.009581
0.009578
0.009575
0.009572
0.009569
0.009565
0.009562
0.009559
0.009556
0.009553
0.009550
0.009547
0.009543
0.009540
0.009537
0.009534
0.009531
0.009528
0.009525
0.009521
0.009518
0.009515
0.009512
0.009509
0.009506
0.009503
0.009500
0.009497
0.009493
0.009490
0.009487
0.009484
0.009481
0.009478
0.009475
0.009472
0.009469
0.009466
0.009463
0.009459
0.009456
0.009453
0.009450
0.009447
0.009444
0.009441
0.009438
0.009435
0.009432
0.009429
0.009426
0.009423
0.009420
0.009417
0.009413
0.009410
0.009407
0.009404
0.009401
0.009398
0.009395
0.009392
0.009389
0.009386
0.009383
0.009380
0.009377
0.009374
0.009371
0.009368
0.009365
0.009362
0.009359
0.009356
0.009353
0.009350
0.009347
0.009344
0.009341
0.009338
0.009335
0.009332
0.009329
0.009326
0.009323
0.009320
0.009317
0.009314
0.009311
0.009308
0.009305
0.009302
0.009299
0.009296
0.009293
0.009290
0.009287
0.009284
0.009281
0.009278
0.009275
0.009272
0.009269
0.009266
0.009263
0.009260
0.009257
0.009254
0.009251
0.009248
0.009245
0.009242
0.009239
0.009236
0.009233
0.009231
0.009228
0.009225
0.009222
0.009219
0.009216
0.009213
0.009210
0.009207
0.009204
0.009201
0.009198
0.009195
0.009192
0.009189
0.009187
0.009184
0.009181
0.009178
0.009175
0.009172
0.009169
0.009166
0.009163
0.009160
0.009157
0.009155
0.009152
0.009149
0.009146
0.009143
0.009140
0.009137
0.009134
0.009131
0.009129
0.009126
0.009123
0.009120
0.009117
0.009114
0.009111
0.009108
0.009105
0.009103
0.009100
0.009097
0.009094
0.009091
0.009088
0.009085
0.009083
0.009080
0.009077
0.009074
0.009071
0.009068
0.009065
0.009063
0.009060
0.009057
0.009054
0.009051
0.009048
0.009046
0.009043
0.009040
0.009037
0.009034
0.009031
0.009029
0.009026
0.009023
0.009020
0.009017
0.009014
0.009012
0.009009
0.009006
0.009003
0.009000
0.008998
0.008995
0.008992
0.008989
0.008986
0.008984
0.008981
0.008978
0.008975
0.008972
0.008970
0.008967
0.008964
0.008961
0.008958
0.008956
0.008953
0.008950
0.008947
0.008945
0.008942
0.008939
0.008936
0.008933
0.008931
0.008928
0.008925
0.008922
0.008920
0.008917
0.008914
0.008911
0.008909
0.008906
0.008903
0.008900
0.008898
0.008895
0.008892
0.008889
0.008887
0.008884
0.008881
0.008878
0.008876
0.008873
0.008870
0.008867
0.008865
0.008862
0.008859
0.008856
0.008854
0.008851
0.008848
0.008846
0.008843
0.008840
0.008837
0.008835
0.008832
0.008829
0.008827
0.008824
0.008821
0.008818
0.008816
0.008813
0.008810
0.008808
0.008805
0.008802
0.008800
0.008797
0.008794
0.008791
0.008789
0.008786
0.008783
0.008781
0.008778
0.008775
0.008773
0.008770
0.008767
0.008765
0.008762
0.008759
0.008757
0.008754
0.008751
0.008749
0.008746
0.008743
0.008741
0.008738
0.008735
0.008733
0.008730
0.008727
0.008725
0.008722
0.008719
0.008717
0.008714
0.008711
0.008709
0.008706
0.008704
0.008701
0.008698
0.008696
0.008693
0.008690
0.008688
0.008685
0.008683
0.008680
0.008677
0.008675
0.008672
0.008669
0.008667
0.008664
0.008662
0.008659
0.008656
0.008654
0.008651
0.008648
0.008646
0.008643
0.008641
0.008638
0.008635
0.008633
0.008630
0.008628
0.008625
0.008622
0.008620
0.008617
0.008615
0.008612
0.008609
0.008607
0.008604
0.008602
0.008599
0.008597
0.008594
0.008591
0.008589
0.008586
0.008584
0.008581
0.008579
0.008576
0.008573
0.008571
0.008568
0.008566
0.008563
0.008561
0.008558
0.008556
0.008553
0.008550
0.008548
0.008545
0.008543
0.008540
0.008538
0.008535
0.008533
0.008530
0.008527
0.008525
0.008522
0.008520
0.008517
0.008515
0.008512
0.008510
0.008507
0.008505
0.008502
0.008500
0.008497
0.008495
0.008492
0.008490
0.008487
0.008484
0.008482
0.008479
0.008477
0.008474
0.008472
0.008469
0.008467
0.008464
0.008462
0.008459
0.008457
0.008454
0.008452
0.008449
0.008447
0.008444
0.008442
0.008439
0.008437
0.008434
0.008432
0.008429
0.008427
0.008424
0.008422
0.008420
0.008417
0.008415
0.008412
0.008410
0.008407
0.008405
0.008402
0.008400
0.008397
0.008395
0.008392
0.008390
0.008387
0.008385
0.008382
0.008380
0.008378
0.008375
0.008373
0.008370
0.008368
0.008365
0.008363
0.008360
0.008358
0.008355
0.008353
0.008351
0.008348
0.008346
0.008343
0.008341
0.008338
0.008336
0.008334
0.008331
0.008329
0.008326
0.008324
0.008321
0.008319
0.008317
0.008314
0.008312
0.008309
0.008307
0.008304
0.008302
0.008300
0.008297
0.008295
0.008292
0.008290
0.008288
0.008285
0.008283
0.008280
0.008278
0.008275
0.008273
0.008271
0.008268
0.008266
0.008263
0.008261
0.008259
0.008256
0.008254
0.008252
0.008249
0.008247
0.008244
0.008242
0.008240
0.008237
0.008235
0.008232
0.008230
0.008228
0.008225
0.008223
0.008221
0.008218
0.008216
0.008213
0.008211
0.008209
0.008206
0.008204
0.008202
0.008199
0.008197
0.008195
0.008192
0.008190
0.008187
0.008185
0.008183
0.008180
0.008178
0.008176
0.008173
0.008171
0.008169
0.008166
0.008164
0.008162
0.008159
0.008157
0.008155
0.008152
0.008150
0.008148
0.008145
0.008143
0.008141
0.008138
0.008136
0.008134
0.008131
0.008129
0.008127
0.008124
0.008122
0.008120
0.008117
0.008115
0.008113
0.008110
0.008108
0.008106
0.008104
0.008101
0.008099
0.008097
0.008094
0.008092
0.008090
0.008087
0.008085
0.008083
0.008080
0.008078
0.008076
0.008074
0.008071
0.008069
0.008067
0.008064
0.008062
0.008060
0.008058
0.008055
0.008053
0.008051
0.008048
0.008046
0.008044
0.008042
0.008039
0.008037
0.008035
0.008033
0.008030
0.008028
0.008026
0.008023
0.008021
0.008019
0.008017
0.008014
0.008012
0.008010
0.008008
0.008005
0.008003
0.008001
0.007999
0.007996
0.007994
0.007992
0.007990
0.007987
0.007985
0.007983
0.007981
0.007978
0.007976
0.007974
0.007972
0.007969
0.007967
0.007965
0.007963
0.007960
0.007958
0.007956
0.007954
0.007951
0.007949
0.007947
0.007945
0.007943
0.007940
0.007938
0.007936
0.007934
0.007931
0.007929
0.007927
0.007925
0.007923
0.007920
0.007918
0.007916
0.007914
0.007912
0.007909
0.007907
0.007905
0.007903
0.007901
0.007898
0.007896
0.007894
0.007892
0.007890
0.007887
0.007885
0.007883
0.007881
0.007879
0.007876
0.007874
0.007872
0.007870
0.007868
0.007865
0.007863
0.007861
0.007859
0.007857
0.007855
0.007852
0.007850
0.007848
0.007846
0.007844
0.007841
0.007839
0.007837
0.007835
0.007833
0.007831
0.007828
0.007826
0.007824
0.007822
0.007820
0.007818
0.007815
0.007813
0.007811
0.007809
0.007807
0.007805
0.007803
0.007800
0.007798
0.007796
0.007794
0.007792
0.007790
0.007788
0.007785
0.007783
0.007781
0.007779
0.007777
0.007775
0.007773
0.007770
0.007768
0.007766
0.007764
0.007762
0.007760
0.007758
0.007755
0.007753
0.007751
0.007749
0.007747
0.007745
0.007743
0.007741
0.007739
0.007736
0.007734
0.007732
0.007730
0.007728
0.007726
0.007724
0.007722
0.007719
0.007717
0.007715
0.007713
0.007711
0.007709
0.007707
0.007705
0.007703
0.007701
0.007698
0.007696
0.007694
0.007692
0.007690
0.007688
0.007686
0.007684
0.007682
0.007680
0.007678
0.007675
0.007673
0.007671
0.007669
0.007667
0.007665
0.007663
0.007661
0.007659
0.007657
0.007655
0.007653
0.007650
0.007648
0.007646
0.007644
0.007642
0.007640
0.007638
0.007636
0.007634
0.007632
0.007630
0.007628
0.007626
0.007624
0.007622
0.007619
0.007617
0.007615
0.007613
0.007611
0.007609
0.007607
0.007605
0.007603
0.007601
0.007599
0.007597
0.007595
0.007593
0.007591
0.007589
0.007587
0.007585
0.007583
0.007581
0.007579
0.007576
0.007574
0.007572
0.007570
0.007568
0.007566
0.007564
0.007562
0.007560
0.007558
0.007556
0.007554
0.007552
0.007550
0.007548
0.007546
0.007544
0.007542
0.007540
0.007538
0.007536
0.007534
0.007532
0.007530
0.007528
0.007526
0.007524
0.007522
0.007520
0.007518
0.007516
0.007514
0.007512
0.007510
0.007508
0.007506
0.007504
0.007502
0.007500
0.007498
0.007496
0.007494
0.007492
0.007490
0.007488
0.007486
0.007484
0.007482
0.007480
0.007478
0.007476
0.007474
0.007472
0.007470
0.007468
0.007466
0.007464
0.007462
0.007460
0.007458
0.007456
0.007454
0.007452
0.007450
0.007448
0.007446
0.007444
0.007442
0.007440
0.007438
0.007436
0.007434
0.007432
0.007431
0.007429
0.007427
0.007425
0.007423
0.007421
0.007419
0.007417
0.007415
0.007413
0.007411
0.007409
0.007407
0.007405
0.007403
0.007401
0.007399
0.007397
0.007395
0.007393
0.007391
0.007389
0.007388
0.007386
0.007384
0.007382
0.007380
0.007378
0.007376
0.007374
0.007372
0.007370
0.007368
0.007366
0.007364
0.007362
0.007360
0.007359
0.007357
0.007355
0.007353
0.007351
0.007349
0.007347
0.007345
0.007343
0.007341
0.007339
0.007337
0.007335
0.007334
0.007332
0.007330
0.007328
0.007326
0.007324
0.007322
0.007320
0.007318
0.007316
0.007314
0.007313
0.007311
0.007309
0.007307
0.007305
0.007303
0.007301
0.007299
0.007297
0.007295
0.007294
0.007292
0.007290
0.007288
0.007286
0.007284
0.007282
0.007280
0.007278
0.007276
0.007275
0.007273
0.007271
0.007269
0.007267
0.007265
0.007263
0.007261
0.007260
0.007258
0.007256
0.007254
0.007252
0.007250
0.007248
0.007246
0.007245
0.007243
0.007241
0.007239
0.007237
0.007235
0.007233
0.007231
0.007230
0.007228
0.007226
0.007224
0.007222
0.007220
0.007218
0.007217
0.007215
0.007213
0.007211
0.007209
0.007207
0.007205
0.007204
0.007202
0.007200
0.007198
0.007196
0.007194
0.007192
0.007191
0.007189
0.007187
0.007185
0.007183
0.007181
0.007180
0.007178
0.007176
0.007174
0.007172
0.007170
0.007169
0.007167
0.007165
0.007163
0.007161
0.007159
0.007158
0.007156
0.007154
0.007152
0.007150
0.007148
0.007147
0.007145
0.007143
0.007141
0.007139
0.007137
0.007136
0.007134
0.007132
0.007130
0.007128
0.007127
0.007125
0.007123
0.007121
0.007119
0.007117
0.007116
0.007114
0.007112
0.007110
0.007108
0.007107
0.007105
0.007103
0.007101
0.007099
0.007098
0.007096
0.007094
0.007092
0.007090
0.007089
0.007087
0.007085
0.007083
0.007081
0.007080
0.007078
0.007076
0.007074
0.007072
0.007071
0.007069
0.007067
0.007065
0.007064
0.007062
0.007060
0.007058
0.007056
0.007055
0.007053
0.007051
0.007049
0.007048
0.007046
0.007044
0.007042
0.007040
0.007039
0.007037
0.007035
0.007033
0.007032
0.007030
0.007028
0.007026
0.007024
0.007023
0.007021
0.007019
0.007017
0.007016
0.007014
0.007012
0.007010
0.007009
0.007007
0.007005
0.007003
0.007002
0.007000
0.006998
0.006996
0.006995
0.006993
0.006991
0.006989
0.006988
0.006986
0.006984
0.006982
0.006981
0.006979
0.006977
0.006975
0.006974
0.006972
0.006970
0.006968
0.006967
0.006965
0.006963
0.006961
0.006960
0.006958
0.006956
0.006954
0.006953
0.006951
0.006949
0.006948
0.006946
0.006944
0.006942
0.006941
0.006939
0.006937
0.006935
0.006934
0.006932
0.006930
0.006929
0.006927
0.006925
0.006923
0.006922
0.006920
0.006918
0.006917
0.006915
0.006913
0.006911
0.006910
0.006908
0.006906
0.006905
0.006903
0.006901
0.006899
0.006898
0.006896
0.006894
0.006893
0.006891
0.006889
0.006887
0.006886
0.006884
0.006882
0.006881
0.006879
0.006877
0.006876
0.006874
0.006872
0.006870
0.006869
0.006867
0.006865
0.006864
0.006862
0.006860
0.006859
0.006857
0.006855
0.006854
0.006852
0.006850
0.006849
0.006847
0.006845
0.006843
0.006842
0.006840
0.006838
0.006837
0.006835
0.006833
0.006832
0.006830
0.006828
0.006827
0.006825
0.006823
0.006822
0.006820
0.006818
0.006817
0.006815
0.006813
0.006812
0.006810
0.006808
0.006807
0.006805
0.006803
0.006802
0.006800
0.006798
0.006797
0.006795
0.006793
0.006792
0.006790
0.006788
0.006787
0.006785
0.006783
0.006782
0.006780
0.006778
0.006777
0.006775
0.006773
0.006772
0.006770
0.006769
0.006767
0.006765
0.006764
0.006762
0.006760
0.006759
0.006757
0.006755
0.006754
0.006752
0.006750
0.006749
0.006747
0.006746
0.006744
0.006742
0.006741
0.006739
0.006737
0.006736
0.006734
0.006732
0.006731
0.006729
0.006728
0.006726
0.006724
0.006723
0.006721
0.006719
0.006718
0.006716
0.006715
0.006713
0.006711
0.006710
0.006708
0.006706
0.006705
0.006703
0.006702
0.006700
0.006698
0.006697
0.006695
0.006694
0.006692
0.006690
0.006689
0.006687
0.006685
0.006684
0.006682
0.006681
0.006679
0.006677
0.006676
0.006674
0.006673
0.006671
0.006669
0.006668
0.006666
0.006665
0.006663
0.006661
0.006660
0.006658
0.006657
0.006655
0.006653
0.006652
0.006650
0.006649
0.006647
0.006645
0.006644
0.006642
0.006641
0.006639
0.006638
0.006636
0.006634
0.006633
0.006631
0.006630
0.006628
0.006626
0.006625
0.006623
0.006622
0.006620
0.006619
0.006617
0.006615
0.006614
0.006612
0.006611
0.006609
0.006607
0.006606
0.006604
0.006603
0.006601
0.006600
0.006598
0.006596
0.006595
0.006593
0.006592
0.006590
0.006589
0.006587
0.006586
0.006584
0.006582
0.006581
0.006579
0.006578
0.006576
0.006575
0.006573
0.006571
0.006570
0.006568
0.006567
0.006565
0.006564
0.006562
0.006561
0.006559
0.006557
0.006556
0.006554
0.006553
0.006551
0.006550
0.006548
0.006547
0.006545
0.006544
0.006542
0.006540
0.006539
0.006537
0.006536
0.006534
0.006533
0.006531
0.006530
0.006528
0.006527
0.006525
0.006523
0.006522
0.006520
0.006519
0.006517
0.006516
0.006514
0.006513
0.006511
0.006510
0.006508
0.006507
0.006505
0.006504
0.006502
0.006501
0.006499
0.006497
0.006496
0.006494
0.006493
0.006491
0.006490
0.006488
0.006487
0.006485
0.006484
0.006482
0.006481
0.006479
0.006478
0.006476
0.006475
0.006473
0.006472
0.006470
0.006469
0.006467
0.006466
0.006464
0.006463
0.006461
0.006460
0.006458
0.006457
0.006455
0.006454
0.006452
0.006450
0.006449
0.006447
0.006446
0.006444
0.006443
0.006441
0.006440
0.006438
0.006437
0.006435
0.006434
0.006432
0.006431
0.006429
0.006428
0.006426
0.006425
0.006424
0.006422
0.006421
0.006419
0.006418
0.006416
0.006415
0.006413
0.006412
0.006410
0.006409
0.006407
0.006406
0.006404
0.006403
0.006401
0.006400
0.006398
0.006397
0.006395
0.006394
0.006392
0.006391
0.006389
0.006388
0.006386
0.006385
0.006383
0.006382
0.006380
0.006379
0.006378
0.006376
0.006375
0.006373
0.006372
0.006370
0.006369
0.006367
0.006366
0.006364
0.006363
0.006361
0.006360
0.006358
0.006357
0.006356
0.006354
0.006353
0.006351
0.006350
0.006348
0.006347
0.006345
0.006344
0.006342
0.006341
0.006339
0.006338
0.006337
0.006335
0.006334
0.006332
0.006331
0.006329
0.006328
0.006326
0.006325
0.006323
0.006322
0.006321
0.006319
0.006318
0.006316
0.006315
0.006313
0.006312
0.006310
0.006309
0.006308
0.006306
0.006305
0.006303
0.006302
0.006300
0.006299
0.006298
0.006296
0.006295
0.006293
0.006292
0.006290
0.006289
0.006287
0.006286
0.006285
0.006283
0.006282
0.006280
0.006279
0.006277
0.006276
0.006275
0.006273
0.006272
0.006270
0.006269
0.006267
0.006266
0.006265
0.006263
0.006262
0.006260
0.006259
0.006257
0.006256
0.006255
0.006253
0.006252
0.006250
0.006249
0.006248
0.006246
0.006245
0.006243
0.006242
0.006240
0.006239
0.006238
0.006236
0.006235
0.006233
0.006232
0.006231
0.006229
0.006228
0.006226
0.006225
0.006224
0.006222
0.006221
0.006219
0.006218
0.006217
0.006215
0.006214
0.006212
0.006211
0.006210
0.006208
0.006207
0.006205
0.006204
0.006203
0.006201
0.006200
0.006198
0.006197
0.006196
0.006194
0.006193
0.006191
0.006190
0.006189
0.006187
0.006186
0.006184
0.006183
0.006182
0.006180
0.006179
0.006177
0.006176
0.006175
0.006173
0.006172
0.006171
0.006169
0.006168
0.006166
0.006165
0.006164
0.006162
0.006161
0.006159
0.006158
0.006157
0.006155
0.006154
0.006153
0.006151
0.006150
0.006148
0.006147
0.006146
0.006144
0.006143
0.006142
0.006140
0.006139
0.006138
0.006136
0.006135
0.006133
0.006132
0.006131
0.006129
0.006128
0.006127
0.006125
0.006124
0.006122
0.006121
0.006120
0.006118
0.006117
0.006116
0.006114
0.006113
0.006112
0.006110
0.006109
0.006108
0.006106
0.006105
0.006103
0.006102
0.006101
0.006099
0.006098
0.006097
0.006095
0.006094
0.006093
0.006091
0.006090
0.006089
0.006087
0.006086
0.006085
0.006083
0.006082
0.006080
0.006079
0.006078
0.006076
0.006075
0.006074
0.006072
0.006071
0.006070
0.006068
0.006067
0.006066
0.006064
0.006063
0.006062
0.006060
0.006059
0.006058
0.006056
0.006055
0.006054
0.006052
0.006051
0.006050
0.006048
0.006047
0.006046
0.006044
0.006043
0.006042
0.006040
0.006039
0.006038
0.006036
0.006035
0.006034
0.006032
0.006031
0.006030
0.006028
0.006027
0.006026
0.006024
0.006023
0.006022
0.006020
0.006019
0.006018
0.006017
0.006015
0.006014
0.006013
0.006011
0.006010
0.006009
0.006007
0.006006
0.006005
0.006003
0.006002
0.006001
0.005999
0.005998
0.005997
0.005995
0.005994
0.005993
0.005992
0.005990
0.005989
0.005988
0.005986
0.005985
0.005984
0.005982
0.005981
0.005980
0.005978
0.005977
0.005976
0.005975
0.005973
0.005972
0.005971
0.005969
0.005968
0.005967
0.005965
0.005964
0.005963
0.005962
0.005960
0.005959
0.005958
0.005956
0.005955
0.005954
0.005953
0.005951
0.005950
0.005949
0.005947
0.005946
0.005945
0.005943
0.005942
0.005941
0.005940
0.005938
0.005937
0.005936
0.005934
0.005933
0.005932
0.005931
0.005929
0.005928
0.005927
0.005925
0.005924
0.005923
0.005922
0.005920
0.005919
0.005918
0.005917
0.005915
0.005914
0.005913
0.005911
0.005910
0.005909
0.005908
0.005906
0.005905
0.005904
0.005902
0.005901
0.005900
0.005899
0.005897
0.005896
0.005895
0.005894
0.005892
0.005891
0.005890
0.005889
0.005887
0.005886
0.005885
0.005883
0.005882
0.005881
0.005880
0.005878
0.005877
0.005876
0.005875
0.005873
0.005872
0.005871
0.005870
0.005868
0.005867
0.005866
0.005865
0.005863
0.005862
0.005861
0.005860
0.005858
0.005857
0.005856
0.005855
0.005853
0.005852
0.005851
0.005850
0.005848
0.005847
0.005846
0.005845
0.005843
0.005842
0.005841
0.005840
0.005838
0.005837
0.005836
0.005835
0.005833
0.005832
0.005831
0.005830
0.005828
0.005827
0.005826
0.005825
0.005823
0.005822
0.005821
0.005820
0.005818
0.005817
0.005816
0.005815
0.005813
0.005812
0.005811
0.005810
0.005809
0.005807
0.005806
0.005805
0.005804
0.005802
0.005801
0.005800
0.005799
0.005797
0.005796
0.005795
0.005794
0.005792
0.005791
0.005790
0.005789
0.005788
0.005786
0.005785
0.005784
0.005783
0.005781
0.005780
0.005779
0.005778
0.005777
0.005775
0.005774
0.005773
0.005772
0.005770
0.005769
0.005768
0.005767
0.005766
0.005764
0.005763
0.005762
0.005761
0.005760
0.005758
0.005757
0.005756
0.005755
0.005753
0.005752
0.005751
0.005750
0.005749
0.005747
0.005746
0.005745
0.005744
0.005743
0.005741
0.005740
0.005739
0.005738
0.005737
0.005735
0.005734
0.005733
0.005732
0.005731
0.005729
0.005728
0.005727
0.005726
0.005725
0.005723
0.005722
0.005721
0.005720
0.005719
0.005717
0.005716
0.005715
0.005714
0.005713
0.005711
0.005710
0.005709
0.005708
0.005707
0.005705
0.005704
0.005703
0.005702
0.005701
0.005699
0.005698
0.005697
0.005696
0.005695
0.005693
0.005692
0.005691
0.005690
0.005689
0.005688
0.005686
0.005685
0.005684
0.005683
0.005682
0.005680
0.005679
0.005678
0.005677
0.005676
0.005674
0.005673
0.005672
0.005671
0.005670
0.005669
0.005667
0.005666
0.005665
0.005664
0.005663
0.005662
0.005660
0.005659
0.005658
0.005657
0.005656
0.005654
0.005653
0.005652
0.005651
0.005650
0.005649
0.005647
0.005646
0.005645
0.005644
0.005643
0.005642
0.005640
0.005639
0.005638
0.005637
0.005636
0.005635
0.005633
0.005632
0.005631
0.005630
0.005629
0.005628
0.005626
0.005625
0.005624
0.005623
0.005622
0.005621
0.005619
0.005618
0.005617
0.005616
0.005615
0.005614
0.005613
0.005611
0.005610
0.005609
0.005608
0.005607
0.005606
0.005604
0.005603
0.005602
0.005601
0.005600
0.005599
0.005598
0.005596
0.005595
0.005594
0.005593
0.005592
0.005591
0.005590
0.005588
0.005587
0.005586
0.005585
0.005584
0.005583
0.005581
0.005580
0.005579
0.005578
0.005577
0.005576
0.005575
0.005573
0.005572
0.005571
0.005570
0.005569
0.005568
0.005567
0.005565
0.005564
0.005563
0.005562
0.005561
0.005560
0.005559
0.005558
0.005556
0.005555
0.005554
0.005553
0.005552
0.005551
0.005550
0.005548
0.005547
0.005546
0.005545
0.005544
0.005543
0.005542
0.005541
0.005539
0.005538
0.005537
0.005536
0.005535
0.005534
0.005533
0.005532
0.005530
0.005529
0.005528
0.005527
0.005526
0.005525
0.005524
0.005523
0.005521
0.005520
0.005519
0.005518
0.005517
0.005516
0.005515
0.005514
0.005512
0.005511
0.005510
0.005509
0.005508
0.005507
0.005506
0.005505
0.005504
0.005502
0.005501
0.005500
0.005499
0.005498
0.005497
0.005496
0.005495
0.005494
0.005492
0.005491
0.005490
0.005489
0.005488
0.005487
0.005486
0.005485
0.005484
0.005482
0.005481
0.005480
0.005479
0.005478
0.005477
0.005476
0.005475
0.005474
0.005473
0.005471
0.005470
0.005469
0.005468
0.005467
0.005466
0.005465
0.005464
0.005463
0.005462
0.005460
0.005459
0.005458
0.005457
0.005456
0.005455
0.005454
0.005453
0.005452
0.005451
0.005449
0.005448
0.005447
0.005446
0.005445
0.005444
0.005443
0.005442
0.005441
0.005440
0.005439
0.005437
0.005436
0.005435
0.005434
0.005433
0.005432
0.005431
0.005430
0.005429
0.005428
0.005427
0.005425
0.005424
0.005423
0.005422
0.005421
0.005420
0.005419
0.005418
0.005417
0.005416
0.005415
0.005414
0.005413
0.005411
0.005410
0.005409
0.005408
0.005407
0.005406
0.005405
0.005404
0.005403
0.005402
0.005401
0.005400
0.005399
0.005397
0.005396
0.005395
0.005394
0.005393
0.005392
0.005391
0.005390
0.005389
0.005388
0.005387
0.005386
0.005385
0.005383
0.005382
0.005381
0.005380
0.005379
0.005378
0.005377
0.005376
0.005375
0.005374
0.005373
0.005372
0.005371
0.005370
0.005369
0.005368
0.005366
0.005365
0.005364
0.005363
0.005362
0.005361
0.005360
0.005359
0.005358
0.005357
0.005356
0.005355
0.005354
0.005353
0.005352
0.005351
0.005350
0.005348
0.005347
0.005346
0.005345
0.005344
0.005343
0.005342
0.005341
0.005340
0.005339
0.005338
0.005337
0.005336
0.005335
0.005334
0.005333
0.005332
0.005331
0.005330
0.005328
0.005327
0.005326
0.005325
0.005324
0.005323
0.005322
0.005321
0.005320
0.005319
0.005318
0.005317
0.005316
0.005315
0.005314
0.005313
0.005312
0.005311
0.005310
0.005309
0.005308
0.005307
0.005305
0.005304
0.005303
0.005302
0.005301
0.005300
0.005299
0.005298
0.005297
0.005296
0.005295
0.005294
0.005293
0.005292
0.005291
0.005290
0.005289
0.005288
0.005287
0.005286
0.005285
0.005284
0.005283
0.005282
0.005281
0.005280
0.005279
0.005278
0.005277
0.005276
0.005274
0.005273
0.005272
0.005271
0.005270
0.005269
0.005268
0.005267
0.005266
0.005265
0.005264
0.005263
0.005262
0.005261
0.005260
0.005259
0.005258
0.005257
0.005256
0.005255
0.005254
0.005253
0.005252
0.005251
0.005250
0.005249
0.005248
0.005247
0.005246
0.005245
0.005244
0.005243
0.005242
0.005241
0.005240
0.005239
0.005238
0.005237
0.005236
0.005235
0.005234
0.005233
0.005232
0.005231
0.005230
0.005229
0.005228
0.005227
0.005226
0.005225
0.005224
0.005223
0.005222
0.005221
0.005220
0.005218
0.005217
0.005216
0.005215
0.005214
0.005213
0.005212
0.005211
0.005210
0.005209
0.005208
0.005207
0.005206
0.005205
0.005204
0.005203
0.005202
0.005201
0.005200
0.005199
0.005198
0.005197
0.005196
0.005195
0.005194
0.005193
0.005192
0.005191
0.005190
0.005189
0.005188
0.005187
0.005186
0.005185
0.005184
0.005183
0.005182
0.005181
0.005180
0.005179
0.005178
0.005177
0.005177
0.005176
0.005175
0.005174
0.005173
0.005172
0.005171
0.005170
0.005169
0.005168
0.005167
0.005166
0.005165
0.005164
0.005163
0.005162
0.005161
0.005160
0.005159
0.005158
0.005157
0.005156
0.005155
0.005154
0.005153
0.005152
0.005151
0.005150
0.005149
0.005148
0.005147
0.005146
0.005145
0.005144
0.005143
0.005142
0.005141
0.005140
0.005139
0.005138
0.005137
0.005136
0.005135
0.005134
0.005133
0.005132
0.005131
0.005130
0.005129
0.005128
0.005127
0.005126
0.005125
0.005124
0.005123
0.005122
0.005122
0.005121
0.005120
0.005119
0.005118
0.005117
0.005116
0.005115
0.005114
0.005113
0.005112
0.005111
0.005110
0.005109
0.005108
0.005107
0.005106
0.005105
0.005104
0.005103
0.005102
0.005101
0.005100
0.005099
0.005098
0.005097
0.005096
0.005095
0.005094
0.005093
0.005093
0.005092
0.005091
0.005090
0.005089
0.005088
0.005087
0.005086
0.005085
0.005084
0.005083
0.005082
0.005081
0.005080
0.005079
0.005078
0.005077
0.005076
0.005075
0.005074
0.005073
0.005072
0.005071
0.005070
0.005070
0.005069
0.005068
0.005067
0.005066
0.005065
0.005064
0.005063
0.005062
0.005061
0.005060
0.005059
0.005058
0.005057
0.005056
0.005055
0.005054
0.005053
0.005052
0.005051
0.005051
0.005050
0.005049
0.005048
0.005047
0.005046
0.005045
0.005044
0.005043
0.005042
0.005041
0.005040
0.005039
0.005038
0.005037
0.005036
0.005035
0.005034
0.005034
0.005033
0.005032
0.005031
0.005030
0.005029
0.005028
0.005027
0.005026
0.005025
0.005024
0.005023
0.005022
0.005021
0.005020
0.005019
0.005019
0.005018
0.005017
0.005016
0.005015
0.005014
0.005013
0.005012
0.005011
0.005010
0.005009
0.005008
0.005007
0.005006
0.005005
0.005005
0.005004
0.005003
0.005002
0.005001
0.005000
0.004999
0.004998
0.004997
0.004996
0.004995
0.004994
0.004993
0.004992
0.004992
0.004991
0.004990
0.004989
0.004988
0.004987
0.004986
0.004985
0.004984
0.004983
0.004982
0.004981
0.004980
0.004980
0.004979
0.004978
0.004977
0.004976
0.004975
0.004974
0.004973
0.004972
0.004971
0.004970
0.004969
0.004968
0.004968
0.004967
0.004966
0.004965
0.004964
0.004963
0.004962
0.004961
0.004960
0.004959
0.004958
0.004957
0.004957
0.004956
0.004955
0.004954
0.004953
0.004952
0.004951
0.004950
0.004949
0.004948
0.004947
0.004947
0.004946
0.004945
0.004944
0.004943
0.004942
0.004941
0.004940
0.004939
0.004938
0.004937
0.004937
0.004936
0.004935
0.004934
0.004933
0.004932
0.004931
0.004930
0.004929
0.004928
0.004928
0.004927
0.004926
0.004925
0.004924
0.004923
0.004922
0.004921
0.004920
0.004919
0.004918
0.004918
0.004917
0.004916
0.004915
0.004914
0.004913
0.004912
0.004911
0.004910
0.004909
0.004909
0.004908
0.004907
0.004906
0.004905
0.004904
0.004903
0.004902
0.004901
0.004901
0.004900
0.004899
0.004898
0.004897
0.004896
0.004895
0.004894
0.004893
0.004893
0.004892
0.004891
0.004890
0.004889
0.004888
0.004887
0.004886
0.004885
0.004885
0.004884
0.004883
0.004882
0.004881
0.004880
0.004879
0.004878
0.004877
0.004877
0.004876
0.004875
0.004874
0.004873
0.004872
0.004871
0.004870
0.004869
0.004869
0.004868
0.004867
0.004866
0.004865
0.004864
0.004863
0.004862
0.004862
0.004861
0.004860
0.004859
0.004858
0.004857
0.004856
0.004855
0.004854
0.004854
0.004853
0.004852
0.004851
0.004850
0.004849
0.004848
0.004847
0.004847
0.004846
0.004845
0.004844
0.004843
0.004842
0.004841
0.004840
0.004840
0.004839
0.004838
0.004837
0.004836
0.004835
0.004834
0.004833
0.004833
0.004832
0.004831
0.004830
0.004829
0.004828
0.004827
0.004827
0.004826
0.004825
0.004824
0.004823
0.004822
0.004821
0.004820
0.004820
0.004819
0.004818
0.004817
0.004816
0.004815
0.004814
0.004814
0.004813
0.004812
0.004811
0.004810
0.004809
0.004808
0.004807
0.004807
0.004806
0.004805
0.004804
0.004803
0.004802
0.004801
0.004801
0.004800
0.004799
0.004798
0.004797
0.004796
0.004795
0.004795
0.004794
0.004793
0.004792
0.004791
0.004790
0.004789
0.004789
0.004788
0.004787
0.004786
0.004785
0.004784
0.004783
0.004783
0.004782
0.004781
0.004780
0.004779
0.004778
0.004778
0.004777
0.004776
0.004775
0.004774
0.004773
0.004772
0.004772
0.004771
0.004770
0.004769
0.004768
0.004767
0.004766
0.004766
0.004765
0.004764
0.004763
0.004762
0.004761
0.004761
0.004760
0.004759
0.004758
0.004757
0.004756
0.004755
0.004755
0.004754
0.004753
0.004752
0.004751
0.004750
0.004750
0.004749
0.004748
0.004747
0.004746
0.004745
0.004745
0.004744
0.004743
0.004742
0.004741
0.004740
0.004739
0.004739
0.004738
0.004737
0.004736
0.004735
0.004734
0.004734
0.004733
0.004732
0.004731
0.004730
0.004729
0.004729
0.004728
0.004727
0.004726
0.004725
0.004724
0.004724
0.004723
0.004722
0.004721
0.004720
0.004719
0.004719
0.004718
0.004717
0.004716
0.004715
0.004714
0.004714
0.004713
0.004712
0.004711
0.004710
0.004709
0.004709
0.004708
0.004707
0.004706
0.004705
0.004704
0.004704
0.004703
0.004702
0.004701
0.004700
0.004700
0.004699
0.004698
0.004697
0.004696
0.004695
0.004695
0.004694
0.004693
0.004692
0.004691
0.004690
0.004690
0.004689
0.004688
0.004687
0.004686
0.004686
0.004685
0.004684
0.004683
0.004682
0.004681
0.004681
0.004680
0.004679
0.004678
0.004677
0.004677
0.004676
0.004675
0.004674
0.004673
0.004672
0.004672
0.004671
0.004670
0.004669
0.004668
0.004668
0.004667
0.004666
0.004665
0.004664
0.004663
0.004663
0.004662
0.004661
0.004660
0.004659
0.004659
0.004658
0.004657
0.004656
0.004655
0.004655
0.004654
0.004653
0.004652
0.004651
0.004650
0.004650
0.004649
0.004648
0.004647
0.004646
0.004646
0.004645
0.004644
0.004643
0.004642
0.004642
0.004641
0.004640
0.004639
0.004638
0.004638
0.004637
0.004636
0.004635
0.004634
0.004634
0.004633
0.004632
0.004631
0.004630
0.004630
0.004629
0.004628
0.004627
0.004626
0.004626
0.004625
0.004624
0.004623
0.004622
0.004622
0.004621
0.004620
0.004619
0.004618
0.004618
0.004617
0.004616
0.004615
0.004614
0.004614
0.004613
0.004612
0.004611
0.004610
0.004610
0.004609
0.004608
0.004607
0.004606
0.004606
0.004605
0.004604
0.004603
0.004602
0.004602
0.004601
0.004600
0.004599
0.004598
0.004598
0.004597
0.004596
0.004595
0.004594
0.004594
0.004593
0.004592
0.004591
0.004591
0.004590
0.004589
0.004588
0.004587
0.004587
0.004586
0.004585
0.004584
0.004583
0.004583
0.004582
0.004581
0.004580
0.004580
0.004579
0.004578
0.004577
0.004576
0.004576
0.004575
0.004574
0.004573
0.004572
0.004572
0.004571
0.004570
0.004569
0.004569
0.004568
0.004567
0.004566
0.004565
0.004565
0.004564
0.004563
0.004562
0.004562
0.004561
0.004560
0.004559
0.004558
0.004558
0.004557
0.004556
0.004555
0.004554
0.004554
0.004553
0.004552
0.004551
0.004551
0.004550
0.004549
0.004548
0.004548
0.004547
0.004546
0.004545
0.004544
0.004544
0.004543
0.004542
0.004541
0.004541
0.004540
0.004539
0.004538
0.004537
0.004537
0.004536
0.004535
0.004534
0.004534
0.004533
0.004532
0.004531
0.004531
0.004530
0.004529
0.004528
0.004527
0.004527
0.004526
0.004525
0.004524
0.004524
0.004523
0.004522
0.004521
0.004521
0.004520
0.004519
0.004518
0.004517
0.004517
0.004516
0.004515
0.004514
0.004514
0.004513
0.004512
0.004511
0.004511
0.004510
0.004509
0.004508
0.004508
0.004507
0.004506
0.004505
0.004504
0.004504
0.004503
0.004502
0.004501
0.004501
0.004500
0.004499
0.004498
0.004498
0.004497
0.004496
0.004495
0.004495
0.004494
0.004493
0.004492
0.004492
0.004491
0.004490
0.004489
0.004489
0.004488
0.004487
0.004486
0.004486
0.004485
0.004484
0.004483
0.004482
0.004482
0.004481
0.004480
0.004479
0.004479
0.004478
0.004477
0.004476
0.004476
0.004475
0.004474
0.004473
0.004473
0.004472
0.004471
0.004470
0.004470
0.004469
0.004468
0.004467
0.004467
0.004466
0.004465
0.004464
0.004464
0.004463
0.004462
0.004461
0.004461
0.004460
0.004459
0.004458
0.004458
0.004457
0.004456
0.004455
0.004455
0.004454
0.004453
0.004453
0.004452
0.004451
0.004450
0.004450
0.004449
0.004448
0.004447
0.004447
0.004446
0.004445
0.004444
0.004444
0.004443
0.004442
0.004441
0.004441
0.004440
0.004439
0.004438
0.004438
0.004437
0.004436
0.004435
0.004435
0.004434
0.004433
0.004432
0.004432
0.004431
0.004430
0.004430
0.004429
0.004428
0.004427
0.004427
0.004426
0.004425
0.004424
0.004424
0.004423
0.004422
0.004421
0.004421
0.004420
0.004419
0.004419
0.004418
0.004417
0.004416
0.004416
0.004415
0.004414
0.004413
0.004413
0.004412
0.004411
0.004410
0.004410
0.004409
0.004408
0.004408
0.004407
0.004406
0.004405
0.004405
0.004404
0.004403
0.004402
0.004402
0.004401
0.004400
0.004399
0.004399
0.004398
0.004397
0.004397
0.004396
0.004395
0.004394
0.004394
0.004393
0.004392
0.004392
0.004391
0.004390
0.004389
0.004389
0.004388
0.004387
0.004386
0.004386
0.004385
0.004384
0.004384
0.004383
0.004382
0.004381
0.004381
0.004380
0.004379
0.004378
0.004378
0.004377
0.004376
0.004376
0.004375
0.004374
0.004373
0.004373
0.004372
0.004371
0.004371
0.004370
0.004369
0.004368
0.004368
0.004367
0.004366
0.004366
0.004365
0.004364
0.004363
0.004363
0.004362
0.004361
0.004361
0.004360
0.004359
0.004358
0.004358
0.004357
0.004356
0.004356
0.004355
0.004354
0.004353
0.004353
0.004352
0.004351
0.004351
0.004350
0.004349
0.004348
0.004348
0.004347
0.004346
0.004346
0.004345
0.004344
0.004343
0.004343
0.004342
0.004341
0.004341
0.004340
0.004339
0.004338
0.004338
0.004337
0.004336
0.004336
0.004335
0.004334
0.004333
0.004333
0.004332
0.004331
0.004331
0.004330
0.004329
0.004329
0.004328
0.004327
0.004326
0.004326
0.004325
0.004324
0.004324
0.004323
0.004322
0.004321
0.004321
0.004320
0.004319
0.004319
0.004318
0.004317
0.004317
0.004316
0.004315
0.004314
0.004314
0.004313
0.004312
0.004312
0.004311
0.004310
0.004310
0.004309
0.004308
0.004307
0.004307
0.004306
0.004305
0.004305
0.004304
0.004303
0.004303
0.004302
0.004301
0.004300
0.004300
0.004299
0.004298
0.004298
0.004297
0.004296
0.004296
0.004295
0.004294
0.004294
0.004293
0.004292
0.004291
0.004291
0.004290
0.004289
0.004289
0.004288
0.004287
0.004287
0.004286
0.004285
0.004285
0.004284
0.004283
0.004282
0.004282
0.004281
0.004280
0.004280
0.004279
0.004278
0.004278
0.004277
0.004276
0.004276
0.004275
0.004274
0.004273
0.004273
0.004272
0.004271
0.004271
0.004270
0.004269
0.004269
0.004268
0.004267
0.004267
0.004266
0.004265
0.004265
0.004264
0.004263
0.004262
0.004262
0.004261
0.004260
0.004260
0.004259
0.004258
0.004258
0.004257
0.004256
0.004256
0.004255
0.004254
0.004254
0.004253
0.004252
0.004252
0.004251
0.004250
0.004249
0.004249
0.004248
0.004247
0.004247
0.004246
0.004245
0.004245
0.004244
0.004243
0.004243
0.004242
0.004241
0.004241
0.004240
0.004239
0.004239
0.004238
0.004237
0.004237
0.004236
0.004235
0.004235
0.004234
0.004233
0.004233
0.004232
0.004231
0.004230
0.004230
0.004229
0.004228
0.004228
0.004227
0.004226
0.004226
0.004225
0.004224
0.004224
0.004223
0.004222
0.004222
0.004221
0.004220
0.004220
0.004219
0.004218
0.004218
0.004217
0.004216
0.004216
0.004215
0.004214
0.004214
0.004213
0.004212
0.004212
0.004211
0.004210
0.004210
0.004209
0.004208
0.004208
0.004207
0.004206
0.004206
0.004205
0.004204
0.004204
0.004203
0.004202
0.004202
0.004201
0.004200
0.004200
0.004199
0.004198
0.004198
0.004197
0.004196
0.004196
0.004195
0.004194
0.004194
0.004193
0.004192
0.004192
0.004191
0.004190
0.004190
0.004189
0.004188
0.004188
0.004187
0.004186
0.004186
0.004185
0.004184
0.004184
0.004183
0.004182
0.004182
0.004181
0.004180
0.004180
0.004179
0.004178
0.004178
0.004177
0.004176
0.004176
0.004175
0.004174
0.004174
0.004173
0.004172
0.004172
0.004171
0.004171
0.004170
0.004169
0.004169
0.004168
0.004167
0.004167
0.004166
0.004165
0.004165
0.004164
0.004163
0.004163
0.004162
0.004161
0.004161
0.004160
0.004159
0.004159
0.004158
0.004157
0.004157
0.004156
0.004155
0.004155
0.004154
0.004153
0.004153
0.004152
0.004152
0.004151
0.004150
0.004150
0.004149
0.004148
0.004148
0.004147
0.004146
0.004146
0.004145
0.004144
0.004144
0.004143
0.004142
0.004142
0.004141
0.004140
0.004140
0.004139
0.004139
0.004138
0.004137
0.004137
0.004136
0.004135
0.004135
0.004134
0.004133
0.004133
0.004132
0.004131
0.004131
0.004130
0.004130
0.004129
0.004128
0.004128
0.004127
0.004126
0.004126
0.004125
0.004124
0.004124
0.004123
0.004122
0.004122
0.004121
0.004120
0.004120
0.004119
0.004119
0.004118
0.004117
0.004117
0.004116
0.004115
0.004115
0.004114
0.004113
0.004113
0.004112
0.004112
0.004111
0.004110
0.004110
0.004109
0.004108
0.004108
0.004107
0.004106
0.004106
0.004105
0.004104
0.004104
0.004103
0.004103
0.004102
0.004101
0.004101
0.004100
0.004099
0.004099
0.004098
0.004097
0.004097
0.004096
0.004096
0.004095
0.004094
0.004094
0.004093
0.004092
0.004092
0.004091
0.004091
0.004090
0.004089
0.004089
0.004088
0.004087
0.004087
0.004086
0.004085
0.004085
0.004084
0.004084
0.004083
0.004082
0.004082
0.004081
0.004080
0.004080
0.004079
0.004079
0.004078
0.004077
0.004077
0.004076
0.004075
0.004075
0.004074
0.004073
0.004073
0.004072
0.004072
0.004071
0.004070
0.004070
0.004069
0.004068
0.004068
0.004067
0.004067
0.004066
0.004065
0.004065
0.004064
0.004063
0.004063
0.004062
0.004062
0.004061
0.004060
0.004060
0.004059
0.004058
0.004058
0.004057
0.004057
0.004056
0.004055
0.004055
0.004054
0.004053
0.004053
0.004052
0.004052
0.004051
0.004050
0.004050
0.004049
0.004048
0.004048
0.004047
0.004047
0.004046
0.004045
0.004045
0.004044
0.004044
0.004043
0.004042
0.004042
0.004041
0.004040
0.004040
0.004039
0.004039
0.004038
0.004037
0.004037
0.004036
0.004035
0.004035
0.004034
0.004034
0.004033
0.004032
0.004032
0.004031
0.004031
0.004030
0.004029
0.004029
0.004028
0.004027
0.004027
0.004026
0.004026
0.004025
0.004024
0.004024
0.004023
0.004023
0.004022
0.004021
0.004021
0.004020
0.004019
0.004019
0.004018
0.004018
0.004017
0.004016
0.004016
0.004015
0.004015
0.004014
0.004013
0.004013
0.004012
0.004012
0.004011
0.004010
0.004010
0.004009
0.004008
0.004008
0.004007
0.004007
0.004006
0.004005
0.004005
0.004004
0.004004
0.004003
0.004002
0.004002
0.004001
0.004001
0.004000
0.003999
0.003999
0.003998
0.003998
0.003997
0.003996
0.003996
0.003995
0.003995
0.003994
0.003993
0.003993
0.003992
0.003992
0.003991
0.003990
0.003990
0.003989
0.003988
0.003988
0.003987
0.003987
0.003986
0.003985
0.003985
0.003984
0.003984
0.003983
0.003982
0.003982
0.003981
0.003981
0.003980
0.003979
0.003979
0.003978
0.003978
0.003977
0.003976
0.003976
0.003975
0.003975
0.003974
0.003973
0.003973
0.003972
0.003972
0.003971
0.003970
0.003970
0.003969
0.003969
0.003968
0.003967
0.003967
0.003966
0.003966
0.003965
0.003964
0.003964
0.003963
0.003963
0.003962
0.003962
0.003961
0.003960
0.003960
0.003959
0.003959
0.003958
0.003957
0.003957
0.003956
0.003956
0.003955
0.003954
0.003954
0.003953
0.003953
0.003952
0.003951
0.003951
0.003950
0.003950
0.003949
0.003948
0.003948
0.003947
0.003947
0.003946
0.003945
0.003945
0.003944
0.003944
0.003943
0.003943
0.003942
0.003941
0.003941
0.003940
0.003940
0.003939
0.003938
0.003938
0.003937
0.003937
0.003936
0.003935
0.003935
0.003934
0.003934
0.003933
0.003933
0.003932
0.003931
0.003931
0.003930
0.003930
0.003929
0.003928
0.003928
0.003927
0.003927
0.003926
0.003925
0.003925
0.003924
0.003924
0.003923
0.003923
0.003922
0.003921
0.003921
0.003920
0.003920
0.003919
0.003918
0.003918
0.003917
0.003917
0.003916
0.003916
0.003915
0.003914
0.003914
0.003913
0.003913
0.003912
0.003911
0.003911
0.003910
0.003910
0.003909
0.003909
0.003908
0.003907
0.003907
0.003906
0.003906
0.003905
0.003905
0.003904
0.003903
0.003903
0.003902
0.003902
0.003901
0.003900
0.003900
0.003899
0.003899
0.003898
0.003898
0.003897
0.003896
0.003896
0.003895
0.003895
0.003894
0.003894
0.003893
0.003892
0.003892
0.003891
0.003891
0.003890
0.003889
0.003889
0.003888
0.003888
0.003887
0.003887
0.003886
0.003885
0.003885
0.003884
0.003884
0.003883
0.003883
0.003882
0.003881
0.003881
0.003880
0.003880
0.003879
0.003879
0.003878
0.003877
0.003877
0.003876
0.003876
0.003875
0.003875
0.003874
0.003873
0.003873
0.003872
0.003872
0.003871
0.003871
0.003870
0.003869
0.003869
0.003868
0.003868
0.003867
0.003867
0.003866
0.003865
0.003865
0.003864
0.003864
0.003863
0.003863
0.003862
0.003862
0.003861
0.003860
0.003860
0.003859
0.003859
0.003858
0.003858
0.003857
0.003856
0.003856
0.003855
0.003855
0.003854
0.003854
0.003853
0.003852
0.003852
0.003851
0.003851
0.003850
0.003850
0.003849
0.003848
0.003848
0.003847
0.003847
0.003846
0.003846
0.003845
0.003845
0.003844
0.003843
0.003843
0.003842
0.003842
0.003841
0.003841
0.003840
0.003839
0.003839
0.003838
0.003838
0.003837
0.003837
0.003836
0.003836
0.003835
0.003834
0.003834
0.003833
0.003833
0.003832
0.003832
0.003831
0.003831
0.003830
0.003829
0.003829
0.003828
0.003828
0.003827
0.003827
0.003826
0.003826
0.003825
0.003824
0.003824
0.003823
0.003823
0.003822
0.003822
0.003821
0.003821
0.003820
0.003819
0.003819
0.003818
0.003818
0.003817
0.003817
0.003816
0.003816
0.003815
0.003814
0.003814
0.003813
0.003813
0.003812
0.003812
0.003811
0.003811
0.003810
0.003809
0.003809
0.003808
0.003808
0.003807
0.003807
0.003806
0.003806
0.003805
0.003804
0.003804
0.003803
0.003803
0.003802
0.003802
0.003801
0.003801
0.003800
0.003799
0.003799
0.003798
0.003798
0.003797
0.003797
0.003796
0.003796
0.003795
0.003795
0.003794
0.003793
0.003793
0.003792
0.003792
0.003791
0.003791
0.003790
0.003790
0.003789
0.003789
0.003788
0.003787
0.003787
0.003786
0.003786
0.003785
0.003785
0.003784
0.003784
0.003783
0.003783
0.003782
0.003781
0.003781
0.003780
0.003780
0.003779
0.003779
0.003778
0.003778
0.003777
0.003777
0.003776
0.003775
0.003775
0.003774
0.003774
0.003773
0.003773
0.003772
0.003772
0.003771
0.003771
0.003770
0.003769
0.003769
0.003768
0.003768
0.003767
0.003767
0.003766
0.003766
0.003765
0.003765
0.003764
0.003764
0.003763
0.003762
0.003762
0.003761
0.003761
0.003760
0.003760
0.003759
0.003759
0.003758
0.003758
0.003757
0.003757
0.003756
0.003755
0.003755
0.003754
0.003754
0.003753
0.003753
0.003752
0.003752
0.003751
0.003751
0.003750
0.003750
0.003749
0.003748
0.003748
0.003747
0.003747
0.003746
0.003746
0.003745
0.003745
0.003744
0.003744
0.003743
0.003743
0.003742
0.003742
0.003741
0.003740
0.003740
0.003739
0.003739
0.003738
0.003738
0.003737
0.003737
0.003736
0.003736
0.003735
0.003735
0.003734
0.003734
0.003733
0.003732
0.003732
0.003731
0.003731
0.003730
0.003730
0.003729
0.003729
0.003728
0.003728
0.003727
0.003727
0.003726
0.003726
0.003725
0.003724
0.003724
0.003723
0.003723
0.003722
0.003722
0.003721
0.003721
0.003720
0.003720
0.003719
0.003719
0.003718
0.003718
0.003717
0.003717
0.003716
0.003716
0.003715
0.003714
0.003714
0.003713
0.003713
0.003712
0.003712
0.003711
0.003711
0.003710
0.003710
0.003709
0.003709
0.003708
0.003708
0.003707
0.003707
0.003706
0.003706
0.003705
0.003704
0.003704
0.003703
0.003703
0.003702
0.003702
0.003701
0.003701
0.003700
0.003700
0.003699
0.003699
0.003698
0.003698
0.003697
0.003697
0.003696
0.003696
0.003695
0.003695
0.003694
0.003694
0.003693
0.003692
0.003692
0.003691
0.003691
0.003690
0.003690
0.003689
0.003689
0.003688
0.003688
0.003687
0.003687
0.003686
0.003686
0.003685
0.003685
0.003684
0.003684
0.003683
0.003683
0.003682
0.003682
0.003681
0.003681
0.003680
0.003679
0.003679
0.003678
0.003678
0.003677
0.003677
0.003676
0.003676
0.003675
0.003675
0.003674
0.003674
0.003673
0.003673
0.003672
0.003672
0.003671
0.003671
0.003670
0.003670
0.003669
0.003669
0.003668
0.003668
0.003667
0.003667
0.003666
0.003666
0.003665
0.003665
0.003664
0.003664
0.003663
0.003662
0.003662
0.003661
0.003661
0.003660
0.003660
0.003659
0.003659
0.003658
0.003658
0.003657
0.003657
0.003656
0.003656
0.003655
0.003655
0.003654
0.003654
0.003653
0.003653
0.003652
0.003652
0.003651
0.003651
0.003650
0.003650
0.003649
0.003649
0.003648
0.003648
0.003647
0.003647
0.003646
0.003646
0.003645
0.003645
0.003644
0.003644
0.003643
0.003643
0.003642
0.003642
0.003641
0.003641
0.003640
0.003640
0.003639
0.003639
0.003638
0.003638
0.003637
0.003637
0.003636
0.003636
0.003635
0.003635
0.003634
0.003633
0.003633
0.003632
0.003632
0.003631
0.003631
0.003630
0.003630
0.003629
0.003629
0.003628
0.003628
0.003627
0.003627
0.003626
0.003626
0.003625
0.003625
0.003624
0.003624
0.003623
0.003623
0.003622
0.003622
0.003621
0.003621
0.003620
0.003620
0.003619
0.003619
0.003618
0.003618
0.003617
0.003617
0.003616
0.003616
0.003615
0.003615
0.003614
0.003614
0.003613
0.003613
0.003612
0.003612
0.003611
0.003611
0.003610
0.003610
0.003609
0.003609
0.003608
0.003608
0.003607
0.003607
0.003606
0.003606
0.003605
0.003605
0.003604
0.003604
0.003603
0.003603
0.003602
0.003602
0.003601
0.003601
0.003600
0.003600
0.003599
0.003599
0.003598
0.003598
0.003597
0.003597
0.003597
0.003596
0.003596
0.003595
0.003595
0.003594
0.003594
0.003593
0.003593
0.003592
0.003592
0.003591
0.003591
0.003590
0.003590
0.003589
0.003589
0.003588
0.003588
0.003587
0.003587
0.003586
0.003586
0.003585
0.003585
0.003584
0.003584
0.003583
0.003583
0.003582
0.003582
0.003581
0.003581
0.003580
0.003580
0.003579
0.003579
0.003578
0.003578
0.003577
0.003577
0.003576
0.003576
0.003575
0.003575
0.003574
0.003574
0.003573
0.003573
0.003572
0.003572
0.003571
0.003571
0.003570
0.003570
0.003569
0.003569
0.003568
0.003568
0.003568
0.003567
0.003567
0.003566
0.003566
0.003565
0.003565
0.003564
0.003564
0.003563
0.003563
0.003562
0.003562
0.003561
0.003561
0.003560
0.003560
0.003559
0.003559
0.003558
0.003558
0.003557
0.003557
0.003556
0.003556
0.003555
0.003555
0.003554
0.003554
0.003553
0.003553
0.003552
0.003552
0.003551
0.003551
0.003551
0.003550
0.003550
0.003549
0.003549
0.003548
0.003548
0.003547
0.003547
0.003546
0.003546
0.003545
0.003545
0.003544
0.003544
0.003543
0.003543
0.003542
0.003542
0.003541
0.003541
0.003540
0.003540
0.003539
0.003539
0.003538
0.003538
0.003538
0.003537
0.003537
0.003536
0.003536
0.003535
0.003535
0.003534
0.003534
0.003533
0.003533
0.003532
0.003532
0.003531
0.003531
0.003530
0.003530
0.003529
0.003529
0.003528
0.003528
0.003527
0.003527
0.003527
0.003526
0.003526
0.003525
0.003525
0.003524
0.003524
0.003523
0.003523
0.003522
0.003522
0.003521
0.003521
0.003520
0.003520
0.003519
0.003519
0.003518
0.003518
0.003518
0.003517
0.003517
0.003516
0.003516
0.003515
0.003515
0.003514
0.003514
0.003513
0.003513
0.003512
0.003512
0.003511
0.003511
0.003510
0.003510
0.003509
0.003509
0.003509
0.003508
0.003508
0.003507
0.003507
0.003506
0.003506
0.003505
0.003505
0.003504
0.003504
0.003503
0.003503
0.003502
0.003502
0.003501
0.003501
0.003501
0.003500
0.003500
0.003499
0.003499
0.003498
0.003498
0.003497
0.003497
0.003496
0.003496
0.003495
0.003495
0.003494
0.003494
0.003493
0.003493
0.003493
0.003492
0.003492
0.003491
0.003491
0.003490
0.003490
0.003489
0.003489
0.003488
0.003488
0.003487
0.003487
0.003486
0.003486
0.003486
0.003485
0.003485
0.003484
0.003484
0.003483
0.003483
0.003482
0.003482
0.003481
0.003481
0.003480
0.003480
0.003479
0.003479
0.003479
0.003478
0.003478
0.003477
0.003477
0.003476
0.003476
0.003475
0.003475
0.003474
0.003474
0.003473
0.003473
0.003473
0.003472
0.003472
0.003471
0.003471
0.003470
0.003470
0.003469
0.003469
0.003468
0.003468
0.003467
0.003467
0.003467
0.003466
0.003466
0.003465
0.003465
0.003464
0.003464
0.003463
0.003463
0.003462
0.003462
0.003461
0.003461
0.003461
0.003460
0.003460
0.003459
0.003459
0.003458
0.003458
0.003457
0.003457
0.003456
0.003456
0.003455
0.003455
0.003455
0.003454
0.003454
0.003453
0.003453
0.003452
0.003452
0.003451
0.003451
0.003450
0.003450
0.003450
0.003449
0.003449
0.003448
0.003448
0.003447
0.003447
0.003446
0.003446
0.003445
0.003445
0.003445
0.003444
0.003444
0.003443
0.003443
0.003442
0.003442
0.003441
0.003441
0.003440
0.003440
0.003439
0.003439
0.003439
0.003438
0.003438
0.003437
0.003437
0.003436
0.003436
0.003435
0.003435
0.003435
0.003434
0.003434
0.003433
0.003433
0.003432
0.003432
0.003431
0.003431
0.003430
0.003430
0.003430
0.003429
0.003429
0.003428
0.003428
0.003427
0.003427
0.003426
0.003426
0.003425
0.003425
0.003425
0.003424
0.003424
0.003423
0.003423
0.003422
0.003422
0.003421
0.003421
0.003421
0.003420
0.003420
0.003419
0.003419
0.003418
0.003418
0.003417
0.003417
0.003416
0.003416
0.003416
0.003415
0.003415
0.003414
0.003414
0.003413
0.003413
0.003412
0.003412
0.003412
0.003411
0.003411
0.003410
0.003410
0.003409
0.003409
0.003408
0.003408
0.003408
0.003407
0.003407
0.003406
0.003406
0.003405
0.003405
0.003404
0.003404
0.003404
0.003403
0.003403
0.003402
0.003402
0.003401
0.003401
0.003400
0.003400
0.003400
0.003399
0.003399
0.003398
0.003398
0.003397
0.003397
0.003396
0.003396
0.003396
0.003395
0.003395
0.003394
0.003394
0.003393
0.003393
0.003392
0.003392
0.003392
0.003391
0.003391
0.003390
0.003390
0.003389
0.003389
0.003388
0.003388
0.003388
0.003387
0.003387
0.003386
0.003386
0.003385
0.003385
0.003384
0.003384
0.003384
0.003383
0.003383
0.003382
0.003382
0.003381
0.003381
0.003380
0.003380
0.003380
0.003379
0.003379
0.003378
0.003378
0.003377
0.003377
0.003377
0.003376
0.003376
0.003375
0.003375
0.003374
0.003374
0.003373
0.003373
0.003373
0.003372
0.003372
0.003371
0.003371
0.003370
0.003370
0.003370
0.003369
0.003369
0.003368
0.003368
0.003367
0.003367
0.003366
0.003366
0.003366
0.003365
0.003365
0.003364
0.003364
0.003363
0.003363
0.003363
0.003362
0.003362
0.003361
0.003361
0.003360
0.003360
0.003360
0.003359
0.003359
0.003358
0.003358
0.003357
0.003357
0.003356
0.003356
0.003356
0.003355
0.003355
0.003354
0.003354
0.003353
0.003353
0.003353
0.003352
0.003352
0.003351
0.003351
0.003350
0.003350
0.003350
0.003349
0.003349
0.003348
0.003348
0.003347
0.003347
0.003347
0.003346
0.003346
0.003345
0.003345
0.003344
0.003344
0.003344
0.003343
0.003343
0.003342
0.003342
0.003341
0.003341
0.003341
0.003340
0.003340
0.003339
0.003339
0.003338
0.003338
0.003338
0.003337
0.003337
0.003336
0.003336
0.003335
0.003335
0.003335
0.003334
0.003334
0.003333
0.003333
0.003332
0.003332
0.003332
0.003331
0.003331
0.003330
0.003330
0.003329
0.003329
0.003329
0.003328
0.003328
0.003327
0.003327
0.003326
0.003326
0.003326
0.003325
0.003325
0.003324
0.003324
0.003323
0.003323
0.003323
0.003322
0.003322
0.003321
0.003321
0.003320
0.003320
0.003320
0.003319
0.003319
0.003318
0.003318
0.003317
0.003317
0.003317
0.003316
0.003316
0.003315
0.003315
0.003315
0.003314
0.003314
0.003313
0.003313
0.003312
0.003312
0.003312
0.003311
0.003311
0.003310
0.003310
0.003309
0.003309
0.003309
0.003308
0.003308
0.003307
0.003307
0.003306
0.003306
0.003306
0.003305
0.003305
0.003304
0.003304
0.003304
0.003303
0.003303
0.003302
0.003302
0.003301
0.003301
0.003301
0.003300
0.003300
0.003299
0.003299
0.003298
0.003298
0.003298
0.003297
0.003297
0.003296
0.003296
0.003296
0.003295
0.003295
0.003294
0.003294
0.003293
0.003293
0.003293
0.003292
0.003292
0.003291
0.003291
0.003291
0.003290
0.003290
0.003289
0.003289
0.003288
0.003288
0.003288
0.003287
0.003287
0.003286
0.003286
0.003286
0.003285
0.003285
0.003284
0.003284
0.003283
0.003283
0.003283
0.003282
0.003282
0.003281
0.003281
0.003281
0.003280
0.003280
0.003279
0.003279
0.003278
0.003278
0.003278
0.003277
0.003277
0.003276
0.003276
0.003276
0.003275
0.003275
0.003274
0.003274
0.003274
0.003273
0.003273
0.003272
0.003272
0.003271
0.003271
0.003271
0.003270
0.003270
0.003269
0.003269
0.003269
0.003268
0.003268
0.003267
0.003267
0.003267
0.003266
0.003266
0.003265
0.003265
0.003264
0.003264
0.003264
0.003263
0.003263
0.003262
0.003262
0.003262
0.003261
0.003261
0.003260
0.003260
0.003260
0.003259
0.003259
0.003258
0.003258
0.003257
0.003257
0.003257
0.003256
0.003256
0.003255
0.003255
0.003255
0.003254
0.003254
0.003253
0.003253
0.003253
0.003252
0.003252
0.003251
0.003251
0.003251
0.003250
0.003250
0.003249
0.003249
0.003248
0.003248
0.003248
0.003247
0.003247
0.003246
0.003246
0.003246
0.003245
0.003245
0.003244
0.003244
0.003244
0.003243
0.003243
0.003242
0.003242
0.003242
0.003241
0.003241
0.003240
0.003240
0.003240
0.003239
0.003239
0.003238
0.003238
0.003238
0.003237
0.003237
0.003236
0.003236
0.003236
0.003235
0.003235
0.003234
0.003234
0.003233
0.003233
0.003233
0.003232
0.003232
0.003231
0.003231
0.003231
0.003230
0.003230
0.003229
0.003229
0.003229
0.003228
0.003228
0.003227
0.003227
0.003227
0.003226
0.003226
0.003225
0.003225
0.003225
0.003224
0.003224
0.003223
0.003223
0.003223
0.003222
0.003222
0.003221
0.003221
0.003221
0.003220
0.003220
0.003219
0.003219
0.003219
0.003218
0.003218
0.003217
0.003217
0.003217
0.003216
0.003216
0.003215
0.003215
0.003215
0.003214
0.003214
0.003213
0.003213
0.003213
0.003212
0.003212
0.003211
0.003211
0.003211
0.003210
0.003210
0.003209
0.003209
0.003209
0.003208
0.003208
0.003207
0.003207
0.003207
0.003206
0.003206
0.003205
0.003205
0.003205
0.003204
0.003204
0.003203
0.003203
0.003203
0.003202
0.003202
0.003202
0.003201
0.003201
0.003200
0.003200
0.003200
0.003199
0.003199
0.003198
0.003198
0.003198
0.003197
0.003197
0.003196
0.003196
0.003196
0.003195
0.003195
0.003194
0.003194
0.003194
0.003193
0.003193
0.003192
0.003192
0.003192
0.003191
0.003191
0.003190
0.003190
0.003190
0.003189
0.003189
0.003188
0.003188
0.003188
0.003187
0.003187
0.003187
0.003186
0.003186
0.003185
0.003185
0.003185
0.003184
0.003184
0.003183
0.003183
0.003183
0.003182
0.003182
0.003181
0.003181
0.003181
0.003180
0.003180
0.003179
0.003179
0.003179
0.003178
0.003178
0.003178
0.003177
0.003177
0.003176
0.003176
0.003176
0.003175
0.003175
0.003174
0.003174
0.003174
0.003173
0.003173
0.003172
0.003172
0.003172
0.003171
0.003171
0.003171
0.003170
0.003170
0.003169
0.003169
0.003169
0.003168
0.003168
0.003167
0.003167
0.003167
0.003166
0.003166
0.003165
0.003165
0.003165
0.003164
0.003164
0.003164
0.003163
0.003163
0.003162
0.003162
0.003162
0.003161
0.003161
0.003160
0.003160
0.003160
0.003159
0.003159
0.003159
0.003158
0.003158
0.003157
0.003157
0.003157
0.003156
0.003156
0.003155
0.003155
0.003155
0.003154
0.003154
0.003154
0.003153
0.003153
0.003152
0.003152
0.003152
0.003151
0.003151
0.003150
0.003150
0.003150
0.003149
0.003149
0.003149
0.003148
0.003148
0.003147
0.003147
0.003147
0.003146
0.003146
0.003145
0.003145
0.003145
0.003144
0.003144
0.003144
0.003143
0.003143
0.003142
0.003142
0.003142
0.003141
0.003141
0.003140
0.003140
0.003140
0.003139
0.003139
0.003139
0.003138
0.003138
0.003137
0.003137
0.003137
0.003136
0.003136
0.003136
0.003135
0.003135
0.003134
0.003134
0.003134
0.003133
0.003133
0.003132
0.003132
0.003132
0.003131
0.003131
0.003131
0.003130
0.003130
0.003129
0.003129
0.003129
0.003128
0.003128
0.003128
0.003127
0.003127
0.003126
0.003126
0.003126
0.003125
0.003125
0.003125
0.003124
0.003124
0.003123
0.003123
0.003123
0.003122
0.003122
0.003122
0.003121
0.003121
0.003120
0.003120
0.003120
0.003119
0.003119
0.003118
0.003118
0.003118
0.003117
0.003117
0.003117
0.003116
0.003116
0.003115
0.003115
0.003115
0.003114
0.003114
0.003114
0.003113
0.003113
0.003112
0.003112
0.003112
0.003111
0.003111
0.003111
0.003110
0.003110
0.003109
0.003109
0.003109
0.003108
0.003108
0.003108
0.003107
0.003107
0.003106
0.003106
0.003106
0.003105
0.003105
0.003105
0.003104
0.003104
0.003104
0.003103
0.003103
0.003102
0.003102
0.003102
0.003101
0.003101
0.003101
0.003100
0.003100
0.003099
0.003099
0.003099
0.003098
0.003098
0.003098
0.003097
0.003097
0.003096
0.003096
0.003096
0.003095
0.003095
0.003095
0.003094
0.003094
0.003093
0.003093
0.003093
0.003092
0.003092
0.003092
0.003091
0.003091
0.003091
0.003090
0.003090
0.003089
0.003089
0.003089
0.003088
0.003088
0.003088
0.003087
0.003087
0.003086
0.003086
0.003086
0.003085
0.003085
0.003085
0.003084
0.003084
0.003083
0.003083
0.003083
0.003082
0.003082
0.003082
0.003081
0.003081
0.003081
0.003080
0.003080
0.003079
0.003079
0.003079
0.003078
0.003078
0.003078
0.003077
0.003077
0.003077
0.003076
0.003076
0.003075
0.003075
0.003075
0.003074
0.003074
0.003074
0.003073
0.003073
0.003072
0.003072
0.003072
0.003071
0.003071
0.003071
0.003070
0.003070
0.003070
0.003069
0.003069
0.003068
0.003068
0.003068
0.003067
0.003067
0.003067
0.003066
0.003066
0.003066
0.003065
0.003065
0.003064
0.003064
0.003064
0.003063
0.003063
0.003063
0.003062
0.003062
0.003062
0.003061
0.003061
0.003060
0.003060
0.003060
0.003059
0.003059
0.003059
0.003058
0.003058
0.003058
0.003057
0.003057
0.003056
0.003056
0.003056
0.003055
0.003055
0.003055
0.003054
0.003054
0.003054
0.003053
0.003053
0.003052
0.003052
0.003052
0.003051
0.003051
0.003051
0.003050
0.003050
0.003050
0.003049
0.003049
0.003049
0.003048
0.003048
0.003047
0.003047
0.003047
0.003046
0.003046
0.003046
0.003045
0.003045
0.003045
0.003044
0.003044
0.003043
0.003043
0.003043
0.003042
0.003042
0.003042
0.003041
0.003041
0.003041
0.003040
0.003040
0.003040
0.003039
0.003039
0.003038
0.003038
0.003038
0.003037
0.003037
0.003037
0.003036
0.003036
0.003036
0.003035
0.003035
0.003035
0.003034
0.003034
0.003033
0.003033
0.003033
0.003032
0.003032
0.003032
0.003031
0.003031
0.003031
0.003030
0.003030
0.003030
0.003029
0.003029
0.003028
0.003028
0.003028
0.003027
0.003027
0.003027
0.003026
0.003026
0.003026
0.003025
0.003025
0.003025
0.003024
0.003024
0.003023
0.003023
0.003023
0.003022
0.003022
0.003022
0.003021
0.003021
0.003021
0.003020
0.003020
0.003020
0.003019
0.003019
0.003019
0.003018
0.003018
0.003017
0.003017
0.003017
0.003016
0.003016
0.003016
0.003015
0.003015
0.003015
0.003014
0.003014
0.003014
0.003013
0.003013
0.003013
0.003012
0.003012
0.003011
0.003011
0.003011
0.003010
0.003010
0.003010
0.003009
0.003009
0.003009
0.003008
0.003008
0.003008
0.003007
0.003007
0.003007
0.003006
0.003006
0.003006
0.003005
0.003005
0.003004
0.003004
0.003004
0.003003
0.003003
0.003003
0.003002
0.003002
0.003002
0.003001
0.003001
0.003001
0.003000
0.003000
0.003000
0.002999
0.002999
0.002999
0.002998
0.002998
0.002997
0.002997
0.002997
0.002996
0.002996
0.002996
0.002995
0.002995
0.002995
0.002994
0.002994
0.002994
0.002993
0.002993
0.002993
0.002992
0.002992
0.002992
0.002991
0.002991
0.002990
0.002990
0.002990
0.002989
0.002989
0.002989
0.002988
0.002988
0.002988
0.002987
0.002987
0.002987
0.002986
0.002986
0.002986
0.002985
0.002985
0.002985
0.002984
0.002984
0.002984
0.002983
0.002983
0.002983
0.002982
0.002982
0.002981
0.002981
0.002981
0.002980
0.002980
0.002980
0.002979
0.002979
0.002979
0.002978
0.002978
0.002978
0.002977
0.002977
0.002977
0.002976
0.002976
0.002976
0.002975
0.002975
0.002975
0.002974
0.002974
0.002974
0.002973
0.002973
0.002973
0.002972
0.002972
0.002972
0.002971
0.002971
0.002970
0.002970
0.002970
0.002969
0.002969
0.002969
0.002968
0.002968
0.002968
0.002967
0.002967
0.002967
0.002966
0.002966
0.002966
0.002965
0.002965
0.002965
0.002964
0.002964
0.002964
0.002963
0.002963
0.002963
0.002962
0.002962
0.002962
0.002961
0.002961
0.002961
0.002960
0.002960
0.002960
0.002959
0.002959
0.002959
0.002958
0.002958
0.002958
0.002957
0.002957
0.002956
0.002956
0.002956
0.002955
0.002955
0.002955
0.002954
0.002954
0.002954
0.002953
0.002953
0.002953
0.002952
0.002952
0.002952
0.002951
0.002951
0.002951
0.002950
0.002950
0.002950
0.002949
0.002949
0.002949
0.002948
0.002948
0.002948
0.002947
0.002947
0.002947
0.002946
0.002946
0.002946
0.002945
0.002945
0.002945
0.002944
0.002944
0.002944
0.002943
0.002943
0.002943
0.002942
0.002942
0.002942
0.002941
0.002941
0.002941
0.002940
0.002940
0.002940
0.002939
0.002939
0.002939
0.002938
0.002938
0.002938
0.002937
0.002937
0.002937
0.002936
0.002936
0.002936
0.002935
0.002935
0.002935
0.002934
0.002934
0.002934
0.002933
0.002933
0.002933
0.002932
0.002932
0.002932
0.002931
0.002931
0.002931
0.002930
0.002930
0.002930
0.002929
0.002929
0.002929
0.002928
0.002928
0.002928
0.002927
0.002927
0.002927
0.002926
0.002926
0.002926
0.002925
0.002925
0.002925
0.002924
0.002924
0.002924
0.002923
0.002923
0.002923
0.002922
0.002922
0.002922
0.002921
0.002921
0.002921
0.002920
0.002920
0.002920
0.002919
0.002919
0.002919
0.002918
0.002918
0.002918
0.002917
0.002917
0.002917
0.002916
0.002916
0.002916
0.002915
